1.223871786265910755e+00 3.458473433949376119e+00
3.364762392492776755e+00 5.895406947088321914e-01
-2.257324731181486133e+00 -1.982428868527859711e+00
1.436839112339518554e-01 6.147437605171446329e-02
2.401212963573478909e+00 4.499040609419683534e+00
-2.101477529089622820e+00 -2.248118941705766094e+00
2.320744669103332214e+00 -5.435738762616715292e-01
-1.725047551433406934e+00 -1.626205645676291001e+00
4.326173402374102750e+00 2.880671415332569651e+00
-2.152901666687466964e+00 -2.542608378991780604e+00
4.986036717769655624e+00 2.559652110224422294e+00
-2.090045427231823627e+00 -1.720607472084433542e+00
-1.459291350143818056e+00 -1.977966004808034972e+00
-2.251784763022126157e+00 -1.886972344939165325e+00
-1.431180992621165382e+00 -1.895595942525087230e+00
-2.194305229297207838e+00 -1.711348690083328128e+00
-2.219734266622957808e+00 -1.826213409261033593e+00
-1.841267093352247919e+00 -1.750341202775283378e+00
2.246975086456546311e+00 1.928618607813267438e+00
-2.127392360011825190e+00 -1.856536600627359812e+00
-2.390858107098190022e+00 -2.479325781692653052e+00
-2.481786073185647368e+00 -2.401771267164854784e+00
4.816407860810235420e+00 1.183104826850932545e+00
-2.164663203806374892e+00 -2.477749252370566424e+00
3.739014824394719216e+00 -1.928149174348362305e+00
3.022608823777961362e+00 -2.265654487226757219e+00
-1.972080296263270416e+00 -1.774749408361383951e+00
-1.762740032405123225e+00 -1.513284816256178278e+00
5.619306961044157056e-01 2.535720857825363606e+00
7.531296584360136492e-01 1.700567647617962752e+00
-2.007392556912885428e+00 -2.105964922397101091e+00
-2.306219043254149614e+00 -2.027310385419356376e+00
-1.621268665108048124e+00 -1.795682422146029245e+00
-1.514269297594234676e+00 -2.134261467042268823e+00
2.089844952322072125e+00 3.349910579129338650e+00
-1.852167998371044177e+00 -1.900437416058994522e+00
-1.684376825933854516e+00 -1.943724946016583299e+00
3.162802524458590447e+00 2.834004329165929370e+00
3.881056260062476504e+00 1.977882448622301448e+00
1.425065181369458811e+00 2.551772362344838285e+00
1.240864046756790851e+00 1.009239924148926493e+00
-1.863349879219474925e+00 -1.958413710483143610e+00
-2.249014054656852224e+00 -2.117855115804278654e+00
-1.471788588508804674e+00 -1.683484953796398287e+00
-1.778934765787929750e+00 -1.544271299040702150e+00
-1.099456027962641746e+00 -1.768147083714443957e+00
3.844406162550694006e+00 2.339863588980262143e+00
2.029203513830979411e+00 1.517453129529608535e+00
-2.238936254105516444e+00 -1.720117678185857368e+00
-1.801425593689029547e+00 -2.092410726215024663e+00
-1.828195588631887247e+00 -2.688703551666182356e+00
2.869041547128165170e+00 3.399875356538270665e+00
-2.088211915256593887e+00 -1.531743214760836524e+00
-6.356174248861594656e-01 1.276341054881862114e+00
-1.976193773269192322e+00 -2.027104301833555944e+00
-2.184890749653624731e+00 -2.597845919500854528e+00
-2.202199825445474435e+00 -2.276043122915879735e+00
2.190090816868325074e+00 9.587316553381644013e-01
-1.591720615364344837e+00 -1.825149334158320036e+00
-2.296702693081198898e+00 -1.592461768120297272e+00
7.561215386870534516e+00 4.551929669936829015e+00
-4.574736957813660965e-01 1.515362689114387207e+00
-2.538419658943003476e+00 -1.955962415948517163e+00
1.181469020404664949e+00 1.908651368764424650e+00
-1.785049023927041123e+00 -1.722402931090007305e+00
2.056065921557368892e+00 3.400804770906065144e+00
2.756447044370019306e+00 9.864461089232792190e-01
2.885577666608117209e+00 1.950675498963656773e+00
-1.603791489366435341e+00 -2.145426134194911238e+00
-1.805262140533589577e+00 -1.783960565415902533e+00
9.337489918073167416e-01 8.283066042166060683e-01
2.085919642712448230e+00 4.397426384177625103e-01
2.667590894411727920e+00 2.890301076005742154e+00
-1.627225317084729950e+00 -2.318636653738032294e+00
2.702087261486759928e+00 9.264331059040580296e-01
-2.074210524945888423e+00 -2.075434299774125524e+00
2.587708848252943561e+00 3.122482631973047429e+00
-2.157954050120399536e+00 -1.652450707425950460e+00
-1.716591877580898817e+00 -2.048200379684313344e+00
4.129158747555649711e+00 1.097365113931012326e+00
3.881483968622090330e-01 1.911585610742073449e+00
2.895018079498106189e-01 1.700129852739878711e+00
2.187238305625978541e+00 1.170053301557762548e+00
1.662801921209879241e+00 5.323852175979603807e+00
-1.830643485842584628e+00 -1.867935707982511406e+00
4.543387551073644559e+00 3.102253163264360847e+00
-1.665212265665873659e+00 -2.296529168189650694e+00
7.525351250242962031e-01 1.987092032511154960e+00
3.323770554955259193e+00 9.914837461170975530e-01
1.619524241141411913e+00 2.554271120277804563e-01
2.007639348204476981e+00 2.290112699178119549e-01
-1.660394502551254314e+00 -1.468849676479194066e+00
2.150484291513330870e+00 1.024406489897853323e+00
-1.882153027395928824e+00 -2.076741124342739830e+00
4.647178035500308724e+00 2.124149550701598166e+00
1.580651490999613884e+00 -1.954669289758732553e-01
4.281802475479589809e+00 4.231075210096371997e+00
-1.565989485746661858e+00 -2.007704914685795927e+00
-1.646255332260547988e+00 -1.697818816489103932e+00
1.551013026690110319e+00 3.480102054474998319e-01
3.266273074459832948e+00 1.856249897007850036e+00
-2.343559116942930398e+00 -2.337233346383316146e+00
-2.026599589899905851e+00 -1.882122802159315489e+00
-2.248647338065020485e+00 -1.867529434110642983e+00
-2.327918636096824923e+00 -1.483543516946081331e+00
1.119830310943826124e+00 2.912675665051967844e+00
2.519403752322513235e-01 -1.053992186608104564e+00
-5.684307269586863498e-01 4.418173175302024802e+00
-1.617889406502366789e+00 -2.031222438528067276e+00
-1.779163693627123788e+00 -1.898781010010671677e+00
9.931507661546910004e-01 1.524260884914919956e+00
-2.154498377737747994e+00 -2.115226668601323468e+00
3.032743396066133634e+00 2.273127833397424080e+00
-1.505667384737808812e+00 -1.925602386259906984e+00
-2.292308090425259959e+00 -3.105668134158899640e+00
-4.198489140249961338e-01 2.679018162398258518e+00
-1.847906794271858333e+00 -1.496064706880976036e+00
3.933378910819147034e+00 2.299670376443737840e+00
3.609359091433519851e+00 2.048903189520860035e+00
-1.996867525175593849e+00 -1.456945995771757207e+00
2.019254717089237428e+00 2.811966636214303428e+00
-1.884479253052966152e+00 -1.756608980192701619e+00
-1.618961896561192937e+00 -2.184845356360321844e+00
-1.979499063611800391e+00 -2.218284475752077878e+00
2.933766364635329360e+00 1.959280742667007136e+00
-1.539752750387947122e+00 -2.461528506069912581e+00
4.847019832717990973e+00 -6.244766289429959372e-01
1.104979611161364117e+00 5.582928765362722423e-01
-2.093294166802063483e+00 -1.581273431927870288e+00
-1.758660548343325525e+00 -2.639365662081631037e+00
-2.046290134915381476e+00 -2.374274583723588350e+00
2.603943503231520573e+00 2.747883059623415392e+00
2.699199024507755507e+00 1.172291882223168491e+00
2.828459104247293965e+00 3.247277818197754407e+00
2.970648221036227277e+00 -4.115944375240050412e-01
-1.670313000549968896e+00 -2.378426280983567231e+00
-2.156925764216517383e+00 -1.804683129228909833e+00
2.952738167569612937e+00 1.040150805820071689e+00
-1.921438548116188416e+00 -1.931587408730794042e+00
2.090831412819105672e+00 1.926604977434217769e+00
3.029394973925114698e-02 1.697754618492361978e-01
-1.634095807326460426e+00 -2.041188935226853740e+00
-2.203176762718745074e+00 -2.129696101478173897e+00
2.790239445629082216e+00 3.861194700113768086e+00
-1.817812534485374609e+00 -1.937211936683906011e+00
-1.655658866465502754e+00 -2.417919145269854742e+00
4.289109751726970288e+00 1.147719067470215126e+00
2.678954970391588475e+00 2.727199761507454578e+00
-2.347487525146715104e+00 -2.092854035361061182e+00
4.150000884466747308e+00 -1.034481685321254396e+00
-1.989450766123881609e+00 -1.625203984607091146e+00
-1.398537997881768913e+00 -1.960727815755427317e+00
-2.006799084718077886e+00 -2.172713700430681794e+00
-2.496251900121848166e+00 -1.859399772695285113e+00
-1.795152290667538342e+00 -2.422109203368797647e+00
1.950723385310787039e+00 1.994411203154114576e+00
1.007228687409385648e+00 1.131247218133843102e+00
4.432505565880908271e+00 2.157274656401637625e+00
3.452307943410479751e+00 3.304435763075177945e+00
-2.194838208907062604e+00 -1.751434089412221340e+00
-2.282728790494660931e+00 -2.019524215329437045e+00
-1.890081239596091978e+00 -2.593252745475484566e+00
-2.156240325128541357e+00 -2.289200354975994056e+00
4.459262212702317818e+00 1.596306722533925582e+00
-1.889816051765090377e+00 -2.233908247245607548e+00
-1.999924882673842053e+00 -1.797350530127524770e+00
6.275548618350976771e-01 4.948619763351841172e+00
-1.995429533084486451e+00 -1.935626796881448897e+00
-2.055462703331487617e-01 -2.924199215685354680e-01
7.862585120288656526e-02 1.152465013234795332e+00
-1.938442752544528691e+00 -2.111847166283076671e+00
-2.028516154687877826e+00 -1.343561719160367041e+00
1.768612455788167281e+00 2.431410853706890585e+00
-2.390010418218469823e+00 -1.691354403878411183e+00
9.221852882521839323e-01 2.503495141061571339e+00
-1.458933371413251301e+00 -1.888067213732820493e+00
-2.038081856483692000e+00 -1.982294919126242005e+00
2.083898474933476574e+00 2.947247048472099618e+00
2.840059538288159935e+00 1.072404049003875315e+00
2.324223938563982017e+00 3.492403486911071830e+00
6.896694861238532592e-01 6.755356705254436100e-01
5.345946186825121238e-01 2.702105449748948729e+00
4.932913236593704731e+00 -8.421865149657516980e-01
-1.840234533983945653e+00 -1.902106108452457534e+00
-1.878523728054888098e+00 -2.274094888017569982e+00
-1.433577686217783587e+00 -2.103982856455522299e+00
-1.840864296783218723e+00 -1.530378714489555758e+00
1.942966308321637081e+00 9.664784843575338069e-01
3.179690305783282600e-01 1.077585293027037316e+00
3.056991429931834148e+00 -2.843938157935252953e-01
3.850293344226931591e+00 1.118178741634715312e+00
-1.636731499400562173e+00 -2.236862084503539627e+00
-2.121641664140441197e+00 -1.920468348274083414e+00
-1.938831134294682457e+00 -1.493426477721527590e+00
-2.144937334284432673e+00 -1.929777493338826755e+00
3.083474892766138176e-01 2.970126830744092672e+00
1.446671037228564050e+00 3.165061176998944514e+00
4.855724253908442201e-01 4.961204982492772864e-01
1.393395133753327908e-01 8.385290415131865238e-01
-2.199336938939834507e+00 -1.864644162133930694e+00
-2.253609426366153023e+00 -1.752107390062959347e+00
8.172952468907297430e-01 -2.440183928654050760e+00
3.557296619078303301e+00 3.957502482274866562e+00
-2.090804110776447899e+00 -1.570116469695611361e+00
2.673397182340662148e+00 -5.141158483467549445e-01
2.883981151054635372e+00 2.877605532591288373e+00
-1.930685207483822330e+00 -2.048677939302887552e+00
-1.391925209400331598e+00 -1.935610269707153330e+00
3.655410839685353963e+00 1.811339449144631519e+00
-2.344544149059562876e+00 -2.089557027932422706e+00
-1.969340441959567256e+00 -1.400106143248032620e+00
8.579145591610530808e-01 3.812003565113435855e+00
-1.783646050769506441e+00 -1.989948437951340132e+00
-1.537475005150671814e+00 -2.110948954800698107e+00
-1.824814555657947146e+00 4.198725834142844171e+00
3.232938150976030656e+00 2.394267150075286565e+00
-1.954395817004233704e+00 -2.298770868301128090e+00
4.358400545048557895e+00 4.448900168626829910e+00
-2.113795723448045116e+00 -1.629968153514020912e+00
1.460707545121677775e+00 1.289110379859056188e+00
2.626715175121072665e-01 2.191146355662258127e+00
-3.025375049721095166e-01 2.240653824861822407e+00
1.140242316254253874e+00 3.041262312883834085e+00
2.159473276310173162e-01 6.822075586145449400e+00
1.903180530004292326e+00 1.433795117333491742e+00
-1.324186298073880330e+00 1.506936042772863527e+00
2.227268967311595738e+00 -1.319010613298785550e-01
-1.797914929833389852e+00 -1.721251418819771839e+00
-2.271699847533536598e+00 -2.273215643956768339e+00
1.440787756224165772e+00 3.351429958860996372e-02
-1.720845497316611405e+00 -1.684450339991741430e+00
1.460453382933983857e+00 2.034678122375435994e+00
-1.381129962080843043e+00 -1.689240320913749427e+00
2.507431885810190497e+00 2.765428332546582713e+00
-1.797119541082707883e-01 1.249014425904865444e+00
3.016519426191643927e-01 3.690036100041719891e+00
-1.504750624997855946e+00 -1.824889601533008054e+00
3.199420839684440576e+00 3.626861423550492347e+00
-2.124772900827299082e+00 -2.457981659159150567e+00
2.563264829900235853e-01 1.067011556399201089e+00
-2.230824616361142265e+00 -1.729418277076860688e+00
-1.697887267974190539e+00 -2.241126013065085854e+00
-1.281139714375008065e+00 -2.188280640391596865e+00
2.737000663271317968e+00 1.330030093695721449e+00
-3.385323273814755396e-02 9.121468489843493899e-01
3.145568922306839710e+00 3.061768363365132917e+00
3.537356037625795757e+00 5.725820321716312833e-02
-1.788319196398708844e+00 -2.532624335499781942e+00
1.602702022722156450e+00 2.042808068932234988e+00
-2.119281763539689223e+00 -2.083800547747858722e+00
-1.865694186343731742e+00 -1.599951984949177675e+00
9.332570579250365483e-01 1.279720779932423280e+00
2.044847385866779721e+00 2.032958146794255239e+00
2.935851666989534259e+00 3.717966934358135411e+00
-2.330550528724162795e+00 -2.169738673859455513e+00
2.196410861511173707e+00 1.994641525116823466e+00
-1.591724539844852515e+00 -1.547041889527826841e+00
1.313512347714595574e+00 3.070959321507643391e+00
-2.056275816247464139e+00 -1.749993721559775173e+00
-1.651646789347089417e+00 -2.230041535076283221e+00
-1.761328986407030728e+00 -1.832382308586495201e+00
-2.262049660642074578e+00 -1.806880373151622310e+00
3.890181681231208000e+00 4.985632443176848838e+00
4.592539596210444941e+00 1.692095790551187084e+00
-2.238119841621374562e+00 -1.948381274893885129e+00
-2.091708970989425875e+00 -2.281137108573006778e+00
3.594696951855455680e+00 8.882072867685939510e-01
-1.997505462859749503e+00 -2.175357610118183072e+00
-2.260340237608566838e+00 -2.296697602320385112e+00
-2.302679283471215754e+00 -2.149990586725388120e+00
-2.716571616193378169e+00 -1.752601925127421190e+00
3.466312646483070914e+00 1.792122125246052855e+00
-2.435313200273547807e+00 -2.064005551080806633e+00
2.956889261358136345e+00 3.054666021542275622e+00
-1.787356367730847939e+00 -2.141744066482544007e+00
-2.041688735332009230e+00 -2.047361448392333916e+00
-1.952169872416466223e+00 -1.973259202337129370e+00
3.253941509251888409e+00 1.261731220331198777e+00
-1.687364174806235795e+00 -1.619694622923880001e+00
1.954022155011130968e+00 4.442629620723571371e+00
5.913488224051164366e-01 2.676579401298088356e+00
1.568407024455485521e+00 2.285001000543624539e+00
3.106718454471021129e+00 2.205863809459032154e+00
-2.058155857087315521e+00 -2.133191988406739625e+00
-8.874642568626787131e-01 4.020040100259409499e+00
3.718277767477931484e+00 1.225629894700997813e+00
4.052439199118196278e+00 2.733822233769769738e+00
-2.136449786627593106e+00 -1.648363629022456145e+00
3.937426825218568904e+00 3.025897085213541171e+00
1.342273933468503211e+00 1.500533243151579432e+00
2.155784457712251356e+00 2.450886554094090286e+00
-1.876365986425189147e+00 -2.411315453315760138e+00
-2.174295710033187223e+00 -2.409548069271042703e+00
-4.047622901719956090e-01 7.684058755210987357e-01
-2.408310633729481065e+00 -1.614760432498587583e+00
-1.448652061862198082e+00 -1.379801626276443871e+00
-2.087146238584398183e+00 -2.577003825777983259e+00
-1.408617213112545619e+00 -2.060359941765489644e+00
-1.523302204580369912e+00 -2.272819389572831472e+00
3.694813750019694254e+00 2.660786323893171712e+00
2.192120027754109746e+00 5.238851919949585323e-01
7.460840068915062240e-01 1.994455938751237722e+00
2.568787457142159170e+00 2.760593543654437987e+00
2.958580930040873191e+00 1.974511095556420459e+00
-2.101905858964996376e+00 -1.694587637969498850e+00
-1.522990002903707119e+00 -2.058596798590609733e+00
5.265585446264637870e-01 3.546903638718639673e+00
-1.932850220530343055e+00 -2.223082162888929236e+00
2.159790919549889665e+00 2.011529142530485093e+00
-2.007654237404140396e+00 -1.304246179432140940e+00
-1.819848733207694691e+00 -2.072782405220916058e+00
3.590956339102354899e+00 3.581234909253613097e+00
1.517091275455518806e+00 8.335304443233071403e-01
-3.203927253392819807e-01 1.595777383210111200e+00
-1.726180273783803010e+00 -1.394338292244657218e+00
-1.948536911631409518e+00 -2.469054689456314122e+00
3.711461595155300941e+00 2.260472083673554788e+00
1.672211270406772865e+00 1.893570603535003061e+00
9.712362501281492921e-01 2.415284595947136292e+00
3.250125291207917932e+00 -2.137548640387776366e-01
3.089408220037815234e+00 4.056987106877203431e+00
-2.190157505693440143e+00 -2.307284665716846206e+00
-2.407309313207672830e+00 -2.065734115968133722e+00
3.874835569917175704e+00 2.874914045934644058e+00
2.913996887912436939e+00 2.922829428136322960e+00
-2.252211695825431459e+00 -2.239059854909540181e+00
-1.463288874762945557e+00 -1.801589911367927455e+00
2.182276764440000072e+00 2.758635926294780383e+00
-2.772645654683167038e+00 -1.867725142674681926e+00
1.132310547827725333e+00 1.665569503502572157e+00
-1.806327728292850932e+00 -2.682980106874199411e+00
-2.266167577966490043e+00 -1.761671433940300791e+00
-2.089156054701921228e+00 -2.239389445387323097e+00
-1.767213478716293196e+00 -2.191256239435486197e+00
-2.183094528339742268e+00 -1.793544731072498566e+00
2.668800577629766302e-01 7.017736092354414090e+00
3.932464310688384312e+00 1.062105684844807385e+00
-2.261297378993013307e+00 -2.021831126317547689e+00
-8.539973714160646878e-01 3.361566685362488371e+00
-1.848412136028987351e+00 -2.211471678522451523e+00
-2.350318421999389340e+00 -2.175674587073920474e+00
5.366352963288170130e+00 1.306158146493336947e+00
-1.912116396589205625e+00 -2.350496952695585229e+00
-2.224461637548275750e+00 -1.879013223764495866e+00
3.019859926665128036e+00 7.821493895624054282e-02
2.223012567567865805e+00 1.343325271228051676e+00
4.400089283443651134e+00 9.042018275361263235e-01
-1.874437065018075721e+00 -2.088770253095170837e+00
-8.689661001093587078e-01 -2.417527847291391474e+00
-2.462771466855199431e+00 -1.922684690983856637e+00
-1.982211723110333113e+00 -2.386634471009986047e+00
1.789177759078664165e+00 2.564636403037876988e+00
1.693743624021851302e+00 3.331037575779430604e+00
1.176804832226923336e+00 3.613209130201172847e+00
1.832998596152344284e+00 2.614214011132829807e+00
-1.959939923696897957e+00 -1.725564724361903446e+00
3.555785702341824006e+00 4.829958394672411615e+00
-2.384001338603571440e+00 -2.095384016505059677e+00
-2.020961671573256346e+00 -1.532553600487172263e+00
-1.670769989649121934e+00 -2.019334203117285842e+00
-1.590695219852297670e+00 -2.054840906343749829e+00
2.009138769033289584e+00 3.107975321184258455e+00
1.826824516788022601e+00 8.544295882138925879e-01
-1.941006066724326962e+00 -2.029130744123280206e+00
-1.690988883368930606e+00 -1.904304966621823914e+00
-2.161171357965433693e+00 -2.222973331192021895e+00
-9.988506225170219466e-01 1.889267477053252042e+00
-2.086142655596859186e+00 -2.251118704166934936e+00
-2.121885196888782410e+00 -2.168646905572847228e+00
-2.459806260890827101e+00 -1.938526794759038774e+00
-1.544397081519171433e+00 -1.993331142760741193e+00
-2.028036736689233344e+00 -1.573942606457261029e+00
-4.699983509860139463e-02 2.487518698019397956e+00
-4.234574275952098787e-01 6.091883571540834819e-01
7.904598771407964630e-01 2.196901637515184191e+00
1.811596424244421577e-01 2.239986280236664129e+00
2.012438687958733041e+00 2.602519587376526999e+00
2.902375480078328351e+00 1.670599110135940091e+00
-2.118399781045524843e+00 -1.635696164173231715e+00
-2.544511733745480786e+00 -1.179599184347231322e+00
-2.123078035918512185e+00 -1.789348153425389221e+00
1.385116441715455116e+00 2.079045925060742928e-01
1.206043314336046279e+00 1.896835330729010227e+00
2.381957319548266394e+00 2.951819275456093461e+00
-1.980036447778660724e+00 -2.103093619444916129e+00
5.310524463638561343e+00 -3.099896168833645937e+00
-1.671200257062204209e+00 -1.685022988060475901e+00
4.190396215668272362e+00 1.812662133699626033e+00
-1.916759162626628932e+00 -2.054282949481203158e+00
1.020224856270662839e+00 2.087107189327318757e+00
-1.963640437759134327e+00 -2.528944394881802893e+00
5.336902927976804989e+00 4.460769337715479566e+00
-4.660775724944259402e-01 9.312823555275540066e-02
-1.909408213306328150e+00 -1.709257957243779158e+00
-2.492226405237442322e+00 -1.677792509844198587e+00
1.972363706806659067e+00 2.597002099971091660e+00
3.165527340691849378e+00 9.315112960523543872e-01
1.614666478684173123e+00 1.541072067734358786e+00
4.506184097533798560e-01 2.437607425915610637e+00
-1.091029172885975562e-01 3.930818521555187406e+00
-2.040104152594504061e+00 -1.757443187907196780e+00
1.652516792987812178e+00 2.066577850065271615e+00
-1.539387659785366846e+00 -1.781269059533765908e+00
1.673655438252382943e+00 3.026046075058347107e+00
-2.136972634485247990e+00 -2.189617668548959006e+00
1.152853686286103407e+00 1.233779910426968662e+00
-2.104367425987961226e+00 -1.940625062249671240e+00
-2.257760422677650869e+00 -1.859923963645796041e+00
-2.276921524253518125e+00 -2.573326968496928657e+00
2.609650178429774314e+00 -2.475814166325273291e+00
1.188530149976565697e+00 4.286625871370389973e+00
2.400652652669964304e+00 -4.487349127430855233e-01
-1.895718116549721888e+00 -2.225708520410318858e+00
-2.116167383756947018e+00 -2.411474513876503689e+00
-1.158814544125463808e+00 2.495783222368280541e+00
2.343907294130927355e+00 4.110250817274996749e+00
1.365977751039564092e+00 8.671877087944817042e-01
-2.116098834052658084e+00 -2.096498421019997505e+00
-2.029186673567790145e+00 -1.993897919750301506e+00
8.730368023496246632e-01 4.514994513102406515e+00
-1.485242154918320567e+00 -1.912547059883813017e+00
2.255721623914820118e+00 6.425155813280993833e-01
1.755264512569625124e+00 8.874351308455075138e-01
-1.626964961006236443e-01 9.697923285635070556e-01
2.240803237295891037e+00 1.081860802487053519e+00
5.787882112264126633e+00 1.737644792118993475e+00
6.087426786261329603e-01 1.358384249853172188e+00
1.630027018424133667e+00 2.264496439937097261e+00
-1.389048431781606308e+00 -2.539611029284368104e+00
1.572598937118564910e+00 2.014506317235714494e+00
4.323261488418568277e+00 4.257800590195099488e+00
-1.960643022748439490e+00 -1.554314005061279813e+00
-2.292836579423723098e+00 -1.816653188298244403e+00
2.037352134229498457e+00 2.457499643913207965e+00
2.446337602940337863e+00 1.108982616397191201e+00
-2.177973874845817281e+00 -2.431007738683921726e+00
-1.914065981163338037e+00 -1.866773328471692306e+00
-2.016077799878635890e+00 -1.834477538698811028e+00
-2.344404264200292243e+00 -2.197320317345974328e+00
-2.198327744615358181e+00 -1.728444363182729981e+00
-2.304205053825069793e+00 -1.964120697441984920e+00
-1.858627881264904635e+00 -1.648968880818346694e+00
5.256885496259964263e+00 3.728465375935481330e+00
-2.294143876135699589e+00 -2.611030728571048343e+00
2.916597543334341402e+00 -5.899068365261825875e-01
1.643699261835117831e+00 2.128122566504940583e+00
-2.032604455844927660e+00 -1.935790703659781231e+00
-1.680256081809596402e+00 -2.914793475242070553e+00
-1.835298387566850931e+00 -1.824188484519307707e+00
-1.756481861127305422e+00 -2.094006419296266852e+00
3.961993136807992144e+00 3.434703448721539765e+00
-1.867236393222193147e+00 -1.665477544932435716e+00
7.177283334650323976e-01 3.451706951404707180e-01
-1.798771852426673812e+00 -1.935353668495079837e+00
-1.775343526935992955e+00 -1.759918943837694760e+00
-1.675071228184061400e+00 -1.563131498408658615e+00
-1.895096553051695887e+00 -1.821030384373691025e+00
-2.158367842430585437e+00 -2.002347465466197463e+00
1.718147637517049020e+00 7.052456109820508523e-01
2.046800806981132759e+00 3.693110099954104442e+00
-2.389870984453726699e+00 -2.096358345696093917e+00
-1.834242448697209538e+00 -2.397280169727666443e+00
-2.088330129197243146e+00 -2.058189556935174469e+00
-2.443185217518318630e+00 -2.380526401377451418e+00
-1.772570897120419708e+00 -1.826230955889057039e+00
-1.882274932074425200e+00 -2.181547113465099219e+00
-1.704375027907001794e+00 -2.171524430920789506e+00
-2.126516736749969994e+00 -1.600213554853317399e+00
5.388710048347633563e-01 3.656248591172281515e+00
-7.705057816106197777e-01 2.905266281725012334e+00
1.392279587375753636e+00 2.863810065495123069e+00
3.365809498001022693e+00 1.757460408796496676e+00
3.571864360766402680e+00 2.449638344037926796e+00
-1.698347114506385536e+00 -2.256389520223498923e+00
-2.242250909810978854e+00 -2.394305343293960497e+00
3.724579352879719529e+00 3.466815077435145831e+00
3.120685513433195446e+00 3.503873861135258672e+00
-2.154134253862076243e+00 -2.041863276128319526e+00
9.068936086267014307e-01 1.911871640156933783e+00
2.564287287759405398e+00 9.332338396833110838e-01
-2.107028293502214211e+00 -1.984677867853410937e+00
-1.803627280606196370e+00 -1.953555113768848495e+00
-1.428696920781399315e+00 -2.389673203339014229e+00
-1.600040022735449874e+00 -1.818830152258664956e+00
-1.886770857156261361e+00 -2.370512939399929575e+00
-1.743138224092591448e+00 -2.323303038290609024e+00
1.850713928768088046e+00 1.116378151845674793e+00
-1.709842690672280341e+00 -1.601812738970539662e+00
3.484680105936007521e+00 1.363472717716449178e+00
3.148855542283361508e+00 2.060516005754684965e+00
-1.738722012087031032e+00 -2.280206103138792351e+00
2.717620223013882175e+00 3.972046782052306213e+00
-2.714825729990861358e+00 -1.744952269836242520e+00
-2.395342629309753502e+00 -1.660950223358532485e+00
4.773461405738495422e+00 3.195960277020768014e+00
3.494645668778282310e+00 3.885164909382971210e+00
2.779224575219854554e+00 -5.093020825313687716e-01
3.958808293971143311e-01 1.708452619940243888e-01
3.812577695777882969e+00 2.076915926570078508e+00
6.995183585179451935e-01 5.858186736357471336e-01
-2.016239404364118748e+00 -1.232682605922757357e+00
9.653807621418177831e-01 2.450998699701998795e+00
-2.069338812028415742e+00 -2.082639726060531160e+00
-1.821022329515285643e+00 -1.852467385754644980e+00
-2.776783200136417218e+00 -2.394205372050592917e+00
-2.205914910048662581e+00 -2.534899633567333943e+00
3.223322753221416370e+00 3.972382899220479047e+00
-2.309547850056555163e+00 -1.572041224660569281e+00
-1.979017304257275178e+00 -2.156487697138408599e+00
-1.944380423473625497e+00 -2.648646237721229646e+00
2.673673184925463797e+00 2.831039920708632085e+00
3.401222128544100887e+00 1.819948187428991559e+00
-1.831466426739783104e+00 -2.016058962214787975e+00
1.421991464259510174e+00 1.204542555713042251e+00
-2.561678357982745791e+00 -2.111968166804391700e+00
6.186543334316054743e-01 3.641090258857349493e+00
1.216497503306551486e+00 1.112339702055735291e+00
1.552996720488963200e+00 3.697052657500382367e+00
3.718058618109498337e+00 2.114719877460782715e+00
-1.420849013232445612e+00 -1.917445378437221182e+00
1.061964515609253201e+00 4.135510246817486468e-01
-2.443689973531458559e+00 -2.113907703576303643e+00
2.075620338558219480e+00 7.815300788462791193e-01
8.428505514675110888e-02 1.539673644434622624e-01
1.654440532972157651e+00 2.180292624287027969e+00
-1.691773664933240218e+00 -1.673632076242864697e+00
7.370624863422792217e-01 2.114901182818365921e+00
-1.564197485611520833e+00 -2.119451971303532911e+00
9.242997272188033797e-01 2.730080366915651258e+00
1.832452564806850814e+00 1.456847992401427261e+00
-1.986989370331455396e+00 -1.913152327669525699e+00
3.269367246213576550e+00 4.432741741446537986e+00
8.644890669609375244e-01 2.831579839616646943e+00
-1.615430510243662354e+00 -1.459992056531425053e+00
1.286027762924640605e+00 1.975126074748989158e+00
1.574719984815131868e+00 -8.332053373063663670e-01
3.714321272961089715e+00 -1.198512577151451985e+00
-1.843062489719156538e+00 -1.812669319160485459e+00
-2.124330508139531837e+00 -1.891284498660304347e+00
-2.082224618011091266e+00 -1.765762202522970448e+00
-1.845544714363637873e+00 -1.678931776828703315e+00
2.892731191429622761e-01 3.227746882943457685e+00
3.326035866059631196e+00 1.608750196151767398e+00
-1.723208222747744323e+00 -1.734498088904036894e+00
-1.997904404954353952e+00 -1.985947472332221686e+00
6.258602693258070726e-01 8.209786579351503466e-01
-1.862242139786544293e+00 -1.889173440795452130e+00
6.306690386184859776e+00 1.878714742912070967e-01
1.819512452757676035e+00 8.761972022159327800e-01
2.801677190157910058e+00 -1.135462888598657294e-01
-2.119336925014737805e+00 -2.004273890463558860e+00
2.371587391207139461e-01 3.064791825429094008e+00
1.053424084146855400e+00 1.386429706190778433e+00
8.066283259678113104e-01 2.426873374673441219e+00
2.220359965190901175e+00 2.438837754487827247e+00
-3.899133580372184937e-01 3.874506684600468098e+00
-1.242895162199501025e+00 -1.867839206615618419e+00
2.698544907656661884e+00 5.889846450621658569e+00
4.313144716258924483e+00 2.633582545000559882e+00
2.812427124584969018e+00 4.135405968475596161e-01
-1.729156618681794155e+00 -1.584816823505436734e+00
-2.220820555462547308e+00 -1.591801798341750507e+00
1.779805876399181974e+00 5.078456127241367746e+00
3.099079775902240375e-01 3.674200910330863046e+00
1.133076695566700653e+00 4.699306038769379690e-01
-2.216658228949312637e+00 -2.188708456898402765e+00
1.328162000676188947e+00 5.237770617892329561e+00
1.781018530594407068e-01 -4.956021296912278551e-01
-2.220985824032215561e+00 -2.196914760868454053e+00
-1.319154247963534754e+00 -2.013927993724026866e+00
-2.156762060413503601e+00 -1.663780597327773059e+00
-2.419090985567184049e+00 -1.690689145599502563e+00
-7.824832020520311460e-02 2.888778800701115923e+00
4.477738588403598285e+00 -3.510758104731932505e-01
-2.102769398038873305e+00 -1.959285306983260977e+00
2.977348947570753523e+00 5.445296746617138695e-01
4.926560713220601073e+00 8.615122815566056413e-01
-1.561246405809139315e+00 -2.144567574549478106e+00
-1.354504167164058082e+00 -2.213286853560767042e+00
4.103450976741855882e-01 1.330816259200786611e+00
2.225885893026236850e+00 1.231162579985030536e+00
-1.993219848945642081e+00 -2.273493613431553761e+00
7.877586767182269689e-01 2.251707604614384017e+00
-2.660138029244295765e+00 -1.745062182599876222e+00
4.183157608730705412e-01 1.998782154348767381e+00
1.492384773379872742e+00 4.108417193416459057e+00
-2.247128154780660747e+00 -1.691778922321599987e+00
-1.639415833055491323e+00 -2.094088868676429183e+00
-2.336685200930580741e+00 -2.095307322608797485e+00
-1.920617407061806503e+00 -2.139351114192326264e+00
-2.271794107475976432e+00 -2.498650361342702908e+00
-2.235704519997951500e+00 -2.185244370242671152e+00
-2.325924535767799561e+00 -1.820179775279793466e+00
-1.718539817233564193e+00 -1.536362798548389197e+00
3.797747019960975301e-01 1.020520595883446680e+00
-1.892261176039719661e+00 -1.582501065477720292e+00
4.673313291340166487e+00 -3.090081491115110879e-01
-2.016463894976792126e+00 -1.727997512707165173e+00
2.224241069502353785e+00 2.071636703075038888e+00
-6.790281501711703527e-02 1.508029010942771420e+00
-1.084901262065662841e-01 1.518025118541260099e+00
3.236571766654072313e+00 1.601154632693902347e+00
-2.144233808263515506e+00 -2.387563082106817447e+00
2.806094961022272294e+00 7.641952431614429386e-01
2.878359049110474910e+00 5.370679865317540269e-01
-2.369104461599685685e+00 -2.033960136292964460e+00
-1.653076334798470048e+00 -2.081281168610073173e+00
4.277234005734999123e+00 -1.933100155044971125e-01
-1.924685949869799906e+00 -2.412397506503971556e+00
2.311426339796383900e+00 2.632090533456031167e+00
-1.676873137070977737e+00 -2.007239238605418308e+00
-2.361105613350081178e+00 -2.050454416980379779e+00
-2.183980189182232579e+00 -2.352019226898283133e+00
-2.169442715640177877e+00 -1.357538663445987615e+00
-2.149281220202224674e+00 -1.928132990679958469e+00
1.610981743469792615e-01 5.903964918205679702e+00
2.489981073649100818e+00 2.996394796792555049e+00
2.306006784973415158e+00 2.582213925045666159e+00
3.192216816872298857e+00 1.086126029036236229e+00
4.087985301356312107e+00 2.638070643313267460e+00
-2.198088163098758763e+00 -2.247677172637528642e+00
-1.051706475423896947e-02 4.056635654445055472e+00
-1.940056848133063783e+00 -1.580415831832620688e+00
2.219241920680352642e+00 1.864051945942723609e+00
1.999112590086359775e+00 2.181797357951592797e+00
-2.304864216880736727e+00 -1.696341554512322158e+00
4.407440205392777699e+00 3.648292795470979399e+00
2.998834183739904624e+00 1.206360887761500411e+00
-2.112019678280724566e+00 -3.030628129130040094e+00
-1.720509475511670772e+00 -1.912503014403298618e+00
-2.370156573032407010e+00 -2.014865145311800276e+00
-1.728744393358598863e+00 -2.165076851764256904e+00
-2.245498530375161117e+00 -1.461824672784274970e+00
-1.735023961604162057e+00 -2.055544160523228747e+00
2.813480186057349286e+00 1.593877034146657934e+00
3.535437252343383019e+00 1.528008928219896090e+00
2.414398835031978052e+00 -7.819421182097574530e-01
-2.348784851458439960e+00 -2.082592191791181602e+00
2.286695221906703601e+00 7.670838367532004654e-01
-7.484733832693253319e-01 1.851455179379768889e+00
1.216932942540484230e+00 2.859618100295779897e+00
-1.983597708927903325e+00 -2.049260590080118849e+00
3.925671435316936630e+00 1.203432809050666297e+00
1.941773584907280137e+00 1.754954268331965883e+00
-1.966317894302757940e+00 -1.740135433022574452e+00
2.366780031493507686e+00 1.127885392326862357e+00
-2.397891814865153126e+00 -2.259866029389989261e+00
2.098455853616810529e+00 7.001933796467971760e-01
2.610342512335889431e+00 -4.441280988940512486e-01
-2.056214992103270411e+00 -1.973668202612639089e+00
-1.783369668232328786e+00 -1.967300940512487939e+00
4.167933485818370087e+00 3.959511770563507671e+00
2.620038048472427494e+00 -1.198666550692977228e+00
-1.502961002299235682e+00 -1.987089046045239948e+00
2.102275546130959683e+00 -1.141870304388308721e+00
-2.448873438746825393e+00 -1.534072213891334080e+00
2.322299632275986347e+00 3.863638041605443441e+00
-1.745960988749432730e+00 -2.275815959717225390e+00
-1.268715528842514928e+00 -1.647997416730541120e+00
-2.331731352049644546e+00 -2.293779110516072084e+00
-1.630097603258548133e+00 2.447558661813974190e+00
-2.498242778206348103e+00 -2.107913372484413461e+00
-1.759882050373792639e+00 -1.808586134844480942e+00
-1.886068205611490134e+00 -1.800910912526509255e+00
-2.283193631763089648e+00 -2.650767894013656534e+00
-2.196962348052972747e+00 -2.203054628360748612e+00
-2.291181322619318728e+00 -2.146481610787892791e+00
2.791592644358313891e+00 4.989710343457229857e-01
-1.830684831259572265e+00 -1.206635682389453734e+00
-1.543735362113578757e+00 -1.715060817068110310e+00
3.873382623356382837e-01 -1.184077165629746631e-01
1.270488735100189892e+00 1.459645675429109390e+00
2.577898430990698930e+00 -2.658719951999044540e-01
-1.147189192406938396e+00 1.613338766821035053e+00
2.178561774931869088e+00 2.702980455851754726e+00
-1.819371142894259163e+00 -1.636017208448359739e+00
2.688610287903093088e+00 1.826966020205356589e+00
1.455567842124400491e+00 1.933064173077890358e+00
-1.633205463574719296e+00 5.954970060574160673e-01
-1.949625920861131068e+00 -2.269949939675330874e+00
2.200998481056513079e+00 6.049487240575368574e-01
-1.867143294419258526e+00 -1.564485153683181640e+00
-1.674633448404123870e+00 -1.917772824486559502e+00
-1.360701433414166495e+00 -2.314312618191098014e+00
-2.237201063924104893e+00 -1.986550599388809069e+00
-1.720637220022429803e+00 -1.624819399743196113e+00
-2.004350608721324534e+00 -2.100027189709130049e+00
-2.113923393951562701e+00 -2.255448932849753785e+00
-1.975921182822623301e+00 -2.294968988180864145e+00
2.341205533454293164e+00 -4.011627904183185933e-01
3.970274246851734912e+00 3.355062056868727272e+00
1.347308287348515821e+00 7.129741838767817974e-01
4.000401294163656196e+00 2.813829670705992658e+00
3.616551489092219018e-01 1.624958837393373212e+00
2.851674633113751245e+00 2.697923515259077476e+00
-1.579882432368002299e+00 -1.739159594906611872e+00
-1.762841798814446692e+00 -2.410749332985165250e+00
1.390633061698074435e+00 -6.114564357975154074e-01
-7.070756282855450436e-02 1.573719745617313315e+00
1.170398386211079167e+00 3.344326725996727312e+00
-1.105257961148622403e+00 2.191514300404410864e+00
3.095641502118253285e+00 2.904174565516463247e+00
-2.342199188169995505e+00 -1.655092719885005170e+00
-1.691147207891701587e+00 -1.909138153523067150e+00
3.107723636810986179e+00 -3.085353033333904094e-01
-1.732267120804137139e+00 -2.087829393747411277e+00
-2.006917536284909875e+00 -1.675316410608683526e+00
2.809759420786512418e+00 -6.629234306624480766e-01
-2.172683215955641511e+00 -1.789702478298267119e+00
-2.382777106158863401e+00 -2.263816281492485150e+00
-1.947866069291859681e+00 -2.000496892593463194e+00
1.268753187642250202e+00 1.528479516744107647e+00
3.412038897078444766e+00 3.766007493026161335e+00
-1.944720198481059814e+00 -2.577972119499732706e+00
-1.997122471476138861e+00 -1.956292162459769335e+00
6.004330895151019476e+00 3.699199495066160193e+00
-2.123799722056697981e+00 -2.092013358261808786e+00
4.022118199474562061e+00 -9.460173828755769065e-01
-2.964438747580926403e-01 2.131233326692622221e+00
3.081374559561535609e+00 3.200663195234386471e+00
-2.239055964028401124e+00 -2.327366131449914111e+00
-1.631024955391553233e+00 -2.123248524570577001e+00
3.584207106497775630e+00 2.006737622753688388e+00
3.972314803820554019e+00 1.289827929388919880e+00
2.244743882802165302e+00 -1.619848526173515157e+00
2.518796670234856094e+00 1.646604157982669570e-01
-1.752506678597638201e+00 -2.105119995891108875e+00
-1.948279692974120181e+00 -1.668506323218306164e+00
-1.868678555542490516e+00 -2.066437542318888099e+00
2.006360890465012314e+00 1.550621093963893804e+00
1.897249058294837143e+00 1.199151940573034203e+00
-1.517576274961511817e+00 -1.872987088191166327e+00
-1.948884453603345390e+00 -2.113038917049673504e+00
-2.210720473908666772e+00 -1.746442383041920010e+00
-1.790195733927113064e+00 -2.025363021519102524e+00
-1.857942763549669030e+00 -1.894807492242495117e+00
2.783805922951410050e+00 2.125331665859696351e+00
3.119506831814337300e+00 2.867747417146558675e+00
-2.113384727267962671e+00 -1.804012306982158753e+00
-2.181769606657566918e+00 -1.546131566172866734e+00
-2.329202120069794102e+00 -2.366085539158306439e+00
-2.103860572255945804e+00 -1.741852505085958125e+00
7.623950403583508173e-01 2.481659546817044593e+00
-2.319673821541831771e+00 -2.199933854436496361e+00
-2.504461497881472543e+00 -1.906258422949415277e+00
-2.138786626817521963e+00 1.765741457392524971e+00
-8.454767859478788949e-01 2.060150263760498035e+00
-2.115327089705457464e+00 -1.872162621257416948e+00
-1.579895112683475045e+00 -1.690627123448592561e+00
-2.299436918614678138e+00 -1.632358295667157622e+00
1.421774682406663048e+00 5.354880000639983706e+00
4.139761459217019990e+00 7.164959602226705915e-01
-1.846464929194451265e+00 -1.626157720759539238e+00
-2.472467923637998055e+00 -1.358572026221790852e+00
-1.770876877988572851e+00 -1.795601112949556377e+00
2.719392852454771248e+00 3.355388955901177361e+00
-2.200398788101181058e+00 -1.907848378260474931e+00
-1.472702281038372529e+00 -1.799316257919605366e+00
-2.075396917888812975e+00 -2.102260852207228581e+00
3.506941332752184781e-01 1.643044001080934624e+00
1.837061922495478727e+00 7.035848042541130720e-01
3.881393450775077802e+00 2.506289159391972721e+00
-2.137745444291459851e+00 -2.171661928415050014e+00
-1.680973609572344429e+00 -2.519361351630421630e+00
2.505994218358164716e+00 2.398547093357219939e+00
1.627047145548386808e+00 3.942455155246349374e+00
2.836511646344885840e+00 2.148719899966279989e+00
2.338777545564146632e+00 3.462913218027001250e+00
-1.862500613930011983e+00 -1.798294242669784770e+00
-1.709766976876664568e+00 -2.264957160188769247e+00
-2.229289337294959594e+00 -1.720192328070871302e+00
-1.811168950236174302e+00 -1.882299209503630166e+00
-2.071114106879567096e+00 -1.833057836291874354e+00
-2.132276336877946932e+00 -2.136835570376409699e+00
-1.694821728201278077e+00 -2.018420218834688029e+00
-1.890578237064225897e+00 -2.273374849317995938e+00
-1.821360100024384421e+00 -2.121759823253178023e+00
2.261580227922854291e+00 3.198308871338270798e+00
1.811002401820486218e+00 2.809769921814027960e+00
-1.702675503740316731e+00 -1.776732742446393676e+00
-2.184051657631786991e+00 -1.976084858279758327e+00
2.589642020239651288e+00 3.026742626261190949e+00
-7.999644340313878388e-01 2.985366821248987002e+00
-1.904237277916469795e+00 -1.747181747238888194e+00
1.228398891756297573e+00 -1.017224356187969914e+00
-2.024518793305555509e+00 -2.216782888282750275e+00
-1.412522709161286860e+00 -2.201272651420831838e+00
1.360053185885092608e+00 3.211910341746820219e+00
-1.940664493023873449e+00 -2.198097743251533398e+00
5.380186371302004389e+00 9.474946356527174096e-01
-2.004649853919071578e+00 -1.706768142418212841e+00
1.037919399127330333e+00 2.042167853698512392e+00
-2.015741991844195891e+00 -2.000333135763507020e+00
-2.200333602506004738e+00 -1.343468021291950087e+00
-1.767732186695960994e+00 -1.611832851604492634e+00
1.914767057273177420e+00 1.351319454785194107e+00
1.077993595438403895e+00 2.312222100647841394e+00
-2.272190983140013110e+00 -1.648490712304881756e+00
-2.136377856231413741e+00 -1.593884801560805142e+00
-2.190290113935089877e+00 -2.197141051922601562e+00
2.335231555803540804e+00 1.655669093751087839e+00
-1.802277852884560438e+00 -1.732508074606650572e+00
1.024106285702616859e+00 1.850277105570863778e+00
3.065931581443794851e+00 3.167683442154236140e+00
-1.627274554015933905e+00 -1.722429629146094765e+00
8.061938008221745111e-01 4.490589398054553705e+00
-1.947738195200559908e+00 -2.224942740439070921e+00
2.692772833350081108e+00 2.873848263560188077e-01
2.685906121708207195e+00 2.773576959797233954e+00
2.523962502441701172e-01 2.690616520661803790e+00
7.090168018755220736e-01 1.418451530905596725e+00
-2.083670058011263926e+00 -1.957939859084905532e+00
-1.985522771345163306e+00 -1.867197182191099314e+00
-1.997356070800589745e+00 -1.874957388372984424e+00
-2.261780846889520191e+00 -1.789100181517385257e+00
3.140519827500598105e+00 2.599483259449615780e+00
3.431860752738949305e+00 1.990314934535151625e+00
1.238410817869498803e+00 4.082999732601846787e+00
-1.513067637609353033e+00 -2.294474969060903646e+00
-1.676208173622158348e+00 -1.798414588644768886e+00
-1.509970229804299624e+00 -1.548316060729428845e+00
4.504427425465468815e+00 4.575859248539967616e+00
-1.683680225378759499e+00 -1.719893547504488751e+00
-1.617765671145553474e+00 -2.472318322024588788e+00
-2.308803915517409600e+00 -1.902264526368908415e+00
-1.882687535101234655e+00 -1.438074622629955446e+00
2.443590997420852950e+00 3.710550440227421198e+00
-2.205873953947107058e+00 -1.834378952446670263e+00
2.423747794703041691e-01 3.889399663637374438e+00
-1.378706929404578618e+00 -1.836288108679640763e+00
3.115767347350388405e+00 1.643925880940397377e+00
-1.742650956110782579e+00 -2.717498287103766064e+00
-1.629668771402962735e+00 -1.697380390239055625e+00
4.315012548645674073e+00 2.980147247503952546e+00
6.046152366780209952e+00 2.423266767389642418e+00
1.865344585918546239e+00 2.151737681706111349e+00
-1.888829658891866936e+00 -2.303485280480400910e+00
1.829383904232460445e+00 4.036917561934790122e+00
-1.751327210795365019e+00 1.039674107055337915e+00
4.006926904129182176e+00 3.695589054363348058e+00
3.478500426754807862e+00 1.033285820547085621e+00
-2.670350003868645850e+00 2.003565458987715875e+00
2.888646503673740540e+00 -6.743364675779073281e-03
-1.780517480855597023e+00 -1.790278590571313222e+00
1.908500994736501699e+00 1.795482372538175442e+00
-1.933657445056158553e+00 -1.987041530303970571e+00
-2.365753544912839512e+00 -2.091100643577704421e+00
-2.208972108059942485e+00 -2.176722017980273982e+00
3.237918211428119974e+00 4.151038516589006910e+00
-2.368949857381160484e+00 -2.288223104037013123e+00
-2.002558375765519649e+00 -1.841084750594871311e+00
3.809632789546250287e+00 1.098822750711799578e+00
3.863599705996076050e+00 -4.808344539881748148e-01
2.742435091113658352e+00 5.262558283502247747e+00
1.674011574241202505e+00 3.926812903526414544e+00
2.393621568219252094e+00 1.527966405905929248e+00
-1.908824230009618539e+00 -2.297408941163747720e+00
3.678772694656867515e+00 5.249058363206446920e-01
2.838328623923511707e+00 4.728314028557774940e+00
1.584772923029230007e+00 -4.040848378253114603e-02
1.592229756840556121e+00 2.881456510356952272e+00
-1.858028820618507826e+00 -2.174665306604663062e+00
3.978250307722225543e+00 2.286089305725536036e+00
-2.592350684694222362e+00 -1.752357352473152829e+00
-1.818170737332049924e-01 2.494254403980954660e+00
4.205050682339779300e-01 2.418949845606791715e+00
-2.061304500427678654e+00 -1.395512495901833905e+00
-2.757449915826276410e+00 -2.299917078833042083e+00
2.644345853414243663e+00 3.197602982526256188e+00
-2.089231989924020816e+00 -2.210692523214962790e+00
-2.039303304781036275e+00 -1.840390080473396583e+00
1.762020071584644576e+00 1.238056373247329756e+00
1.163487701345613523e+00 2.995011380101235243e+00
-1.875541606723463373e+00 -2.025823182984464843e+00
1.084894926998347664e+00 3.778106310691643266e+00
3.009930399881206142e+00 1.915238502017060140e+00
6.081193384336012642e+00 2.916511823867962150e+00
1.927337183200984905e+00 2.241047218154475384e+00
-2.412180145296887623e+00 -2.639681960216738954e+00
-2.114812670186283938e+00 -1.276032635557394990e+00
-1.978398000128308354e+00 -2.451385683218179512e+00
2.989054948726412420e+00 2.703453546580185662e+00
-1.748437202947405789e+00 -1.998359372318797123e+00
-2.102285502887276003e+00 -2.368806488853940184e+00
-1.527661575501890523e+00 -2.201169575859388772e+00
-2.298943343124840943e+00 -1.555594516637579972e+00
3.505404770230975853e+00 3.696089669660127530e+00
1.357330730231360194e+00 -7.172803135808591968e-01
-2.878101973792561274e+00 6.263999630775181071e-01
1.104030452295480469e+00 4.491339313950555301e+00
-1.704755074043660557e+00 -1.907468819808527005e+00
-2.110260932378620780e+00 -2.019557133113883740e+00
-7.282185089542436707e-01 1.792925988725537545e+00
3.963600323463358777e+00 5.579022118184082668e-01
8.671654465475047147e-01 2.524843988633080460e+00
-2.168685736610374892e+00 -1.737038809248874216e+00
4.101738187579846873e+00 -1.215876773239783937e+00
2.419990511557989610e+00 1.705790334419699628e+00
4.223719285279832647e+00 -8.262130648335510585e-01
1.929496197839457139e+00 2.415199116283004432e+00
1.704379753851453572e+00 -4.990320420059413564e+00
-4.060455430864634785e+00 4.782650262324951385e+00
1.277148715915078725e+00 -5.889635380600443781e+00
-4.782341485607615184e+00 1.962021229296669667e+00
-5.939260993845375758e+00 -4.070303382990015706e+00
5.848054723990330217e-01 2.302742372312319930e+00
1.823535114031206383e+00 -3.308768286473282583e+00
2.546150656170430793e+00 -3.153010950038399152e+00
-2.095203622088787299e+00 2.957896861416289269e+00
1.795594788566575950e+00 4.190680925930134748e+00
1.891354707604120833e+00 8.197032400256594187e-01
-4.875902786062890293e+00 -1.587410363286798187e+00
-2.817571587819294621e+00 -3.072124279450997086e+00
5.676126657029346489e+00 -1.282827303998875124e+00
4.704558662125359447e+00 1.573663511967154705e+00
3.537735642499781008e+00 3.164511726230578859e-02
9.228466155163097540e-01 -8.978767417363364700e-02
-3.657084146423466020e+00 2.669425383138063879e+00
-2.630731650709730474e+00 -5.708208402822553929e+00
1.745667550886013331e+00 -3.874671847115412682e+00
5.285503012234972431e+00 5.447142924031048494e+00
4.978372682645382241e+00 -1.558095596934666816e+00
-5.814520601653590859e+00 5.139822751052705030e+00
-8.617902201922280625e-01 5.599857828524035241e+00
5.563439725071035014e+00 4.236113465608321249e+00
-2.466613295164971742e+00 -1.378827256776896881e+00
4.213640058202283711e+00 -2.196935938124668031e+00
-3.966087039766890143e+00 6.816151495002014116e-01
5.233857289929371603e+00 2.352357560099676448e+00
8.407340410723795898e-01 -4.833882074750777136e+00
1.380086720390036881e+00 5.880646201251160221e+00
-4.318991817161711211e+00 2.199558283648404000e-01
4.528476863135464825e+00 2.889223413050453715e+00
2.364188891943214799e+00 2.429809007845310731e+00
-1.686106185362937993e+00 -2.476897868826079652e+00
3.712333865742163397e+00 3.721360736150169046e+00
4.404867822961243462e+00 4.958886630677655560e+00
1.361087863312535617e-01 1.819553624639524969e-02
3.579542147601301849e+00 1.799567169333181837e+00
2.423602527092439729e+00 3.549512033233213515e+00
4.680064101810796018e+00 -1.944058117781570338e+00
-1.493004568320671410e+00 -4.872216721909572001e+00
9.393616919540876964e-01 -5.568692714439094971e+00
-4.128237824104781239e-01 5.117356164909194760e-01
-2.561504974460587114e+00 1.089999126828129050e+00
-5.633997000731406857e+00 -5.551821735009426995e+00
3.871206727915899037e+00 -1.677712303064845756e+00
-4.475273848177382163e+00 2.669191206576524422e-01
3.239922637183330068e+00 -3.410147670037881884e+00
1.474685709828003510e+00 -4.975830420074784044e+00
-5.379819345976708078e+00 3.762555788177763816e-01
4.876214593212786497e-01 1.649158817978478631e+00
2.713096004671939454e+00 5.710224953550415705e+00
1.956041796143441758e-01 -2.124522324705048426e+00
3.542234337224444474e+00 -2.750012984855109366e+00
-7.323429515323667260e-01 -5.058523423892808069e+00
-5.695791079014510316e+00 5.551780976135100687e+00
4.031761446146470362e+00 2.351690473124374847e+00
-1.092564667028761427e+00 -3.920468159149850695e+00
-4.122755487946967889e+00 -2.997085222024856055e+00
5.907199764734460956e-01 2.575151072400748475e+00
1.922368520612774745e+00 -2.640793236648685927e+00
5.458383367958330012e+00 2.854763000349223034e+00
6.522486301368086714e-01 1.340648954812227345e+00
-9.647992508665215183e-01 -3.027228125986110463e+00
-1.728327856184860956e+00 3.094153325572429836e+00
-5.827278136442929579e+00 -4.607128313917005613e+00
-5.447968295738967015e+00 -5.511254372172357918e+00
4.265527008132085740e+00 2.443894312560283666e+00
-3.099140509520976750e-01 -4.825990072187982705e+00
-1.006094985980112710e-01 -3.183387506332113759e-01
-3.921577561079817809e+00 -7.937802091443231234e-01
-1.217943187231519175e+00 1.390201176626597146e+00
1.621123810411726041e+00 -5.456351882735465786e+00
-1.504648624482345376e+00 1.510318988570836574e+00
3.763510296105287978e-02 4.277878094259866870e+00
1.904323579427339652e+00 -4.044786875022843731e+00
-5.153175031194841438e+00 1.709031338475787365e+00
-5.681864273500538687e+00 1.029306975281559566e+00
5.282762897099491539e+00 9.056901345105474732e-01
-1.341960885521737090e+00 1.719458621308238122e+00
-5.009653141018004519e-01 5.474014717912192296e-01
5.297577705318301966e+00 -1.366768346390708544e+00
5.534286765886971438e+00 4.864207703472764877e+00
-3.650506382528442728e+00 -5.167664389498014543e+00
-4.790663983470880183e+00 -5.781338092181403709e+00
-4.866684470928859696e+00 2.196081280996281748e+00
-5.145736218477251711e+00 -2.172292436474864363e+00
4.138503731633454308e+00 -5.720736771170090051e+00
3.773621791067229836e+00 -2.617742702719200842e+00
-4.582022068540124948e+00 2.360845984369808193e+00
1.547314161358608331e+00 4.529664162324635868e+00
2.820852525646628806e+00 3.641771164618182510e+00
-2.615585129144322174e+00 -3.870725474643326169e+00
3.007377019690299136e+00 3.682016871207167696e+00
5.886061704008080042e+00 -1.048587877062882256e+00
-1.535782970486602395e+00 3.316955528903962502e+00
-1.910357516963785862e+00 5.169087907242776225e+00
4.300953022116141611e+00 -8.520716714997798036e-01
3.010452813497968449e+00 3.054514489016188605e+00
