-1.649866903906787696e+00 -8.127538285931745765e-02
2.052298052127694561e-01 2.150501867829273106e+00
-6.143175020283345056e+00 1.986884658114740354e-01
1.950741474179823243e+00 -1.801050396360729389e-01
-6.802601442422460121e-01 -2.117144811145689420e+00
-1.818919950041295586e-01 -2.568728909017737649e+00
5.923406895770968461e+00 3.429341388523619027e-01
-5.887502113725920694e+00 6.239105193266669680e-02
-5.488429698494481812e+00 -8.631752971893336124e-03
-3.046598551225709439e+00 2.593359085654824536e+00
2.218261412235650987e+00 -2.638643486589935527e+00
2.047740793931707159e+00 3.949524955767977907e-01
-4.041535709227224160e+00 2.447838437025741776e+00
9.010343943831746749e-01 -2.878333171211969077e+00
-2.081634030262623725e+00 -6.960875562970318953e-01
-5.089783136160873411e+00 1.723095708557610628e+00
-4.783019588240533970e+00 1.696524698020720034e+00
1.205945161904719232e+00 -2.879628098587646789e+00
4.529079798588287353e+00 -2.200344326821440877e+00
5.928098907967584097e+00 -7.326340574084300172e-01
1.750999787076379821e+00 -7.089960019816040626e-01
4.232499611147451546e+00 -2.399221555788871640e+00
2.410873728504128621e+00 -2.760023425453478119e+00
4.705961972813108574e+00 -1.949447663781679108e+00
-1.503128952444659827e+00 -1.122637800854231260e+00
9.683702731262679997e-01 1.678658489060488090e+00
9.241013556164645593e-02 2.639731851170041388e+00
3.040949420852541607e+00 -2.820033063315807276e+00
-2.054401034589583119e+00 5.042777948194481219e-01
-1.505728017512034889e+00 -1.474249752922152545e+00
1.332837610373664994e-01 2.627278323312960850e+00
-7.795639967618370747e-01 -1.748901890695244710e+00
3.245270432823793350e+00 -2.679160742063938727e+00
-5.791012331655398526e+00 -1.917854798693081619e-01
1.187907596947157085e+00 -3.237176282022239171e+00
5.888057322715996911e+00 -2.588880412895029348e-01
-5.512087604309735767e+00 1.475501506886347958e+00
-5.858367823311489531e+00 6.434620683306904176e-01
5.624918141675162353e+00 -1.090772208063164772e+00
-2.382000347229508819e+00 9.306908922274996776e-01
2.191918049478178254e+00 -2.982552039405982569e+00
-2.529302784212616118e+00 3.026850675650138989e+00
1.052348139124349657e+00 1.691502187825169479e+00
-1.670059403297026845e+00 -2.161529941105855279e-01
6.117634428167750826e-02 -3.049828010677837931e+00
-9.367808779265414110e-01 -1.601354503107203175e+00
-1.354528963448660139e+00 2.939436864891253443e+00
1.835227348973474726e+00 7.138747704420593809e-01
1.438684821527782987e+00 6.179140983688276023e-01
3.586128904785980787e+00 -2.997411913144392592e+00
1.214680717888970474e+00 -2.854852562206726674e+00
-1.222029554560734033e+00 2.934464553768044048e+00
-3.973142740531977690e+00 2.286830674337151148e+00
-3.965265664917880795e+00 2.368014541023891084e+00
2.710556115540815547e+00 -3.082887817633700234e+00
-3.429926665298687283e+00 2.535046797915338601e+00
1.544653801573922181e+00 7.598494566930431571e-01
5.962352370263191759e+00 9.354934165846451322e-01
-5.777878374825137442e+00 5.411446148957517188e-01
-2.031700371467406452e-01 -2.415807260348298069e+00
-1.957879820034833074e+00 -9.949287676090134980e-02
-2.691734613920260699e+00 2.796590687410962506e+00
-3.839950540170002036e+00 2.412157896564185222e+00
4.412454114897507829e+00 -1.838616520585050651e+00
-1.108536978688707819e-01 2.520898361301443291e+00
4.990219027011408848e-01 -2.858886889770218875e+00
-1.191949123657349618e+00 -1.073051572759088357e+00
5.697937575633722496e+00 1.192423220230293346e+00
4.651709735387302480e+00 -1.974119983035632186e+00
-1.870152403215712855e+00 8.201310112119464257e-02
5.754488887687952747e+00 -6.687072386142248748e-01
7.900285933953834494e-01 -2.633317076604012819e+00
2.165767648107223664e+00 -7.847658672298419846e-01
4.485170641660942259e+00 -2.155049392601166236e+00
-5.668220065208915415e+00 1.186287296864796836e+00
-1.028091288853083540e+00 -1.371884833949895910e+00
5.935863277212566125e+00 8.931967751979641434e-02
-2.162254207604319411e-01 2.130908234791716094e+00
3.118894182663249914e-01 2.404996307511294340e+00
-4.174106445841325730e+00 2.336554338166753286e+00
-5.834881282761783083e+00 7.161132454908694100e-01
3.414162184058129768e+00 -2.657428150159915958e+00
-1.088565214215453825e+00 -1.436457128076385370e+00
1.846644154271575022e+00 2.196215801125189770e-02
5.177222247388272969e+00 -2.015857621943672573e+00
-1.786462761760349682e+00 3.788214322492056141e-02
6.189924043489893890e+00 9.961403250401312803e-01
-1.668875659385484544e+00 -7.968472736931480060e-01
1.688884562213761598e+00 -4.760524115607206452e-01
-4.894724447775741893e+00 1.809192642934725370e+00
2.048878856291833195e+00 -2.135132003003121781e-01
-5.722194103027843148e+00 4.830023722288268040e-02
-1.875260186668663565e+00 6.078530279145308857e-01
5.839696198696839424e+00 -3.766959379652513595e-01
6.150185382794951749e+00 2.993587190989965841e-02
4.702745025035409476e+00 -1.737521939103635171e+00
-3.126139035898259255e+00 3.064322593606839007e+00
1.631250782844884117e+00 -3.146773965658582473e+00
3.961243344082935103e+00 -2.459433795470629569e+00
-4.782796529226692073e+00 1.638469445163330818e+00
-2.054494345673120836e+00 7.147398911752622652e-02
-4.177645964398248424e+00 2.105385085196617379e+00
-2.913816098115788122e+00 2.819588547278206736e+00
5.799171713224632541e+00 8.418251977341795200e-01
5.067444618766623776e+00 -8.054893277389922890e-01
-8.887219853299992423e-01 -1.637721375131543144e+00
-1.776766342348003347e+00 5.731602803076085717e-01
-1.585726529329204437e+00 3.433601838498230308e+00
-1.240619405184038904e+00 -1.128120257963912243e+00
9.906509497243964901e-01 -2.682478275689438973e+00
1.081946101679805761e+00 1.569261120826415112e+00
-3.033087242522992000e+00 2.808345284584103485e+00
-5.334281841988732786e-01 -2.292296459455395841e+00
-5.295281302984581551e+00 1.601653803990210179e+00
5.895441975245657495e+00 4.556419089123528998e-01
2.340209083543288493e+00 -2.922773964071930131e+00
2.877943897208561808e+00 -2.549753219299303986e+00
9.188264386928550742e-01 -2.974827387894127373e+00
-2.790883076240183058e+00 2.685484680750691577e+00
-1.426677460340744608e+00 3.063077757470056284e+00
5.707297800546332844e+00 -8.303771616252875187e-02
-1.585034935742973605e+00 -1.310137244285659364e+00
-1.199081716914936813e+00 -1.037589545418614367e+00
1.159982177855023444e+00 -2.854432328016147657e+00
-3.661132976107460912e+00 2.767254221235508460e+00
-6.391045997054885852e+00 -1.034425173699393685e+00
1.006028159530736765e+00 -3.281819675666264313e+00
-2.459459060418037080e+00 3.008418526672641313e+00
2.225094171550444422e+00 -2.882064149326175162e+00
-1.727350651854321573e+00 2.991254624808127982e+00
2.029793365867954336e+00 -1.139699871006806031e+00
2.671075385463788088e+00 -3.121113377527405142e+00
-1.467485885839019399e+00 -6.742380248964481293e-01
1.470034341669666844e+00 -2.775956730447127097e+00
-1.548353675094211068e+00 3.011355401148311906e+00
-1.651123589691397386e+00 -2.841273121505849542e-02
5.897003449657618468e+00 8.291379097581947910e-01
-5.565165173707964819e+00 1.049826283715947106e+00
-1.506483933186874236e+00 -6.800386197867280824e-02
1.629631859143983785e+00 -3.168229504582661615e+00
4.544758400976366630e+00 -1.885421410486683769e+00
4.946646443359345113e+00 -1.757312628577282432e+00
8.246150269574608060e-01 2.052432299300352536e+00
4.027620349588794113e-01 -2.546311091445736974e+00
1.802549111060508746e+00 -9.452525496854180531e-02
5.087182231163438040e+00 -1.452296284260748971e+00
-2.383740823199913539e+00 2.465269759279910211e+00
1.946604186754564481e+00 -1.907234404543942663e-01
-3.008474549539956744e+00 3.063911535620707838e+00
6.189760715656984047e+00 3.183728563211940532e-01
-3.151834127908999861e+00 3.072806339954488486e+00
5.982397936378419878e+00 6.989128080967725865e-01
-6.247438649762181662e+00 -9.311626361350905379e-01
-1.268941695280265902e+00 -1.543204219853265169e+00
-2.856646796957624357e+00 2.967072828291679176e+00
-1.607420647248110956e+00 -5.078980772936197985e-01
-4.733357829321509946e+00 1.336450479611900111e+00
1.384164489205099269e+00 -2.720446364317665289e+00
2.375082166292812325e+00 -3.047653832702074350e+00
-5.422071423560951509e+00 6.969387723129170098e-01
-5.666918629132494445e+00 6.941079126133729016e-01
1.764517459514486131e+00 8.640860513339336801e-01
1.759834075526865327e+00 1.200822702893658001e+00
3.073887108706925275e-01 -2.683848098241747415e+00
-1.942903529655520156e+00 2.600501178791725376e-01
5.396852422700878726e+00 -1.476481410515489756e+00
-3.654190633396618537e+00 2.566109743048679004e+00
-2.753781440211594767e+00 2.964109103978867399e+00
3.353556774473412716e+00 -2.449836276982745087e+00
-3.353030235071350340e+00 2.876223527125317148e+00
-2.830429374791136876e+00 2.955377326136551464e+00
-5.633602820354662200e+00 4.742619761298751957e-01
-1.077555321518478548e+00 2.835886223413901508e+00
-1.476250595568133317e+00 -9.561597427499977098e-01
1.332014081313341869e+00 1.317560047446264093e+00
-6.196695379754920019e+00 2.243697590572866218e-01
1.433165257614274601e+00 1.056489254612225537e+00
4.670183870381817037e+00 -1.696052101087061059e+00
-1.382366116384556420e+00 2.801319972150444926e+00
-1.077925325334283091e+00 2.758673297925827050e+00
-4.486653145458315173e+00 2.195712063407612824e+00
5.513297636150082504e+00 -1.075573580086779613e+00
-2.401058525249551323e+00 2.633562134397079646e+00
2.043606164796790026e+00 -7.090599422396492990e-01
-5.933773253260826053e+00 -8.883704111828871763e-01
-4.448723820518027949e+00 2.359770868875640026e+00
3.294420914067183404e+00 -3.137410415081955506e+00
5.747364073171310039e+00 -4.589968969794960829e-01
1.193694622933107574e+00 -2.710119369237860010e+00
1.713366268724104469e+00 -2.956531307590176461e+00
-2.071041985371427696e+00 -3.421230012078642080e-01
9.738096686700803417e-02 2.382091304292813572e+00
4.910239602520931612e+00 -1.519295816731602411e+00
-3.610239033664051966e+00 2.842963568821647691e+00
-5.930344369663432147e+00 7.060062643067706034e-01
-5.804944990886212963e+00 -6.538162002475471635e-01
-1.424334689566609136e+00 -1.050449996852154788e+00
2.586454231627056011e+00 -2.845650586443331242e+00
-2.842221108206509417e+00 2.688956693510855089e+00
-1.775334601935534717e+00 -3.467276307155862103e-01
-3.162751383700102004e-02 2.564365640593478268e+00
-3.194046203592528776e-01 -2.197556180898113887e+00
-4.449124005340980403e+00 1.722904402730006446e+00
-5.836799151426057541e+00 -4.816738613108317857e-02
-2.327920902841998707e+00 3.307952917612278831e+00
6.043797539750027425e+00 3.049119818334637966e-01
-1.946468105907604995e+00 8.333630955587296718e-01
-4.426674305242627838e+00 2.298741484589478468e+00
5.800412547992570111e+00 -1.088263167450538083e+00
1.836049348638715273e+00 5.169126249572777443e-01
1.850014042978749718e+00 2.928664123340969372e-01
-4.979275333833861339e+00 1.812566799023098252e+00
-8.392904379587071695e-01 2.433525859610174535e+00
3.739628283113836993e+00 -2.625283228384904355e+00
3.716308895616431407e+00 -2.611048884744433973e+00
-5.356038989136575168e+00 1.234431405196939835e+00
5.616166395227967456e+00 -1.359251752671440716e+00
1.749155384774561561e+00 -2.883320013725150677e+00
1.880633725082820895e+00 -2.309734911227190324e-02
-4.102237023248604508e+00 2.551213189269772919e+00
-4.372736928965036185e+00 2.049527205603117519e+00
2.030785318498426584e+00 -4.888016130359347233e-01
-5.996138776875284293e+00 -6.517752748304410648e-01
-3.039639620571832346e-01 2.678310436570868092e+00
-2.190482104626028992e+00 3.054358121768594003e+00
-1.340392397437275784e+00 -6.695854052773757559e-01
-1.750962430140597714e+00 2.942384808490445369e+00
1.430710531964804133e+00 -3.012543898218263738e+00
1.830136073088774573e+00 2.883031242771840752e-01
2.294084079745033478e+00 -2.617104646125265166e+00
5.955583509053601787e+00 -4.857537858767257966e-02
1.369148912550097741e-01 2.408296651795640120e+00
1.003632205342467998e+00 -2.733971662303383621e+00
6.514561541184100690e-01 2.118480408816115101e+00
3.827180118948607657e+00 -2.731277284669691774e+00
-2.939421988857644497e-01 2.883859659380946461e+00
-4.451382412307882674e+00 2.259474273293485158e+00
-1.797504148937163482e+00 -7.884905884244086671e-02
5.860605139160352195e+00 -3.790487938086926079e-01
-3.478246229679439416e+00 2.587014724556245149e+00
1.795216575049781937e+00 -3.342534095797142779e-01
1.266976502414547401e+00 1.683570048288558940e+00
1.712471243531310527e+00 9.645760592152661239e-01
5.549909019526153564e+00 -1.297307391018719169e+00
-4.996431302843609146e+00 2.460076725131841169e+00
3.057435763072475332e+00 -2.957098163169893823e+00
-4.909283228077649497e+00 1.794830622192020719e+00
2.409517589037142749e+00 -3.176342800176509495e+00
-5.923342260059009767e+00 1.003575712327497982e-02
1.414335875293967426e+00 -2.742024056398826737e+00
3.584034808673894901e+00 -2.973529212006604361e+00
2.125249408246023819e+00 -7.349017129759365385e-01
6.026751388953311306e+00 8.955547584190286514e-01
5.720619040030149982e+00 -6.139323377432345241e-01
5.969697229508733827e+00 7.169709666035855022e-01
-5.220118861329097193e+00 1.184408720880985033e+00
3.623694269824317971e+00 -2.641975167199707819e+00
5.881187252490178707e+00 -6.796706799543466015e-01
5.478543320333487898e+00 -7.731874546541017690e-01
-5.650741148831315286e+00 4.836886793378198934e-01
2.295111339095140757e+00 -6.426609428377154654e-01
5.577918334468309425e+00 -1.367943565357204960e+00
-7.742272919435728706e-01 -2.123441456148595030e+00
-1.115775682066176611e+00 -1.897875965759996397e+00
1.888742331360120374e+00 9.655921685550616917e-01
1.790415792160326980e+00 3.984026546905052868e-01
-6.106433020786852239e+00 -6.511481593938119872e-01
-4.999400360758889938e+00 1.542115919599539531e+00
-3.505991971872998825e+00 2.997812252507194408e+00
5.529321381896252774e-01 1.628229826563085236e+00
1.512514690306839160e+00 1.287579145301812389e+00
2.037304144501186798e+00 1.923773576921179451e-01
1.931413104150049076e+00 -2.785072461748711259e+00
-3.218345189331913936e+00 3.048842286340439856e+00
3.818536923238816883e+00 -2.307922855600931911e+00
8.981244659708136346e-01 -2.923911373884642284e+00
3.773708573810266032e+00 -2.307159450442293203e+00
1.554312345403899620e+00 7.635182244713871746e-01
2.895229024109497118e+00 -2.798682251943909627e+00
1.926991660730635658e+00 2.122854894483996446e-01
-5.333967983947776048e+00 5.787878501980443513e-01
1.008661696823054843e+00 2.167279939230825736e+00
-4.913415505684186613e-01 -2.298168916097551584e+00
-5.038364632087763972e+00 1.702165004556912109e+00
3.368363074546500968e-01 2.055744545952864044e+00
2.277979105376526370e+00 -3.659406235654139028e-01
-3.318310570608087318e-01 2.777594179967974863e+00
2.848119669615813976e-01 1.998008807414499710e+00
-5.941202593365915163e+00 -8.335731771736415441e-01
-2.575371300041910061e+00 3.024143219312200870e+00
-1.758005668411657840e+00 9.389539598464615722e-01
-2.531988156363935261e+00 2.861413119564354179e+00
-5.366456187055161031e+00 1.177307706559594269e+00
-4.027198319135715465e+00 2.507146556016437433e+00
5.621570387372265110e+00 -2.880720742785229938e-01
4.469323617670889703e+00 -2.440233197658653097e+00
-5.872672514646021469e+00 1.309069588152445007e-02
-1.794702584371303145e+00 -2.265427398646404633e-01
2.750578745284975923e+00 -3.100901515108872797e+00
1.183887633803619721e-01 -2.914862146746993066e+00
1.869458786808810391e+00 -1.129545422087009365e-01
3.972505346903817625e+00 -2.088694821091724219e+00
-5.841420417465393200e+00 9.239073395381702802e-02
5.194877229662582252e+00 -9.011044815988298318e-01
-5.050138650353698466e+00 1.679400871593973221e+00
-2.385824530678273714e+00 3.059578639386120180e+00
-1.181758610307975355e+00 -1.132911802519967370e+00
-5.549843036148309761e-01 2.792161910536892222e+00
-8.446365243720259652e-01 3.339797641434132380e+00
5.376133623883577961e+00 -1.343237824922263179e+00
-2.018734073019970765e+00 1.155478340502787749e+00
-3.929440607071088110e+00 2.571300897183653067e+00
5.751117131778686442e+00 8.963769597824515767e-01
-1.859835124522254857e+00 3.718621964065371710e-01
1.257628535260829850e+00 1.479498705084658638e+00
-2.017328689012464871e+00 5.491262137761532269e-01
-9.289217500663593530e-01 2.348160902773908099e+00
2.630396567743185976e+00 -3.108636643736315541e+00
5.456404855425568634e+00 -9.894153794843808525e-01
-1.352235908734279679e+00 -1.064036237215429948e+00
4.960158355664255225e+00 -1.335341350900215662e+00
1.705271041603048321e+00 -7.165401450883999157e-01
5.589723884565349188e+00 1.454064494470896918e-01
1.176200145439635136e+00 -3.227497154793616208e+00
-2.803370053203759760e+00 3.049733829240523164e+00
-2.360590001394270221e+00 2.964341497105454692e+00
-1.365843091292461065e+00 -6.615077772892841157e-01
1.954269200144261642e+00 -2.238750307512793469e-02
1.265838670845150560e+00 1.168778124145724018e+00
-3.116122841367876539e-01 2.329416134849514819e+00
4.364705957778497236e+00 -2.308677411871927099e+00
5.019884428784461505e+00 -2.094580368313428753e+00
-4.979713486510006781e-02 -2.301802572013434300e+00
9.217013669023841338e-01 1.965626897718407484e+00
-4.909095282167500685e+00 1.705384842705617743e+00
-2.398428529225568262e+00 1.132298747984994414e+00
1.196108819489608344e+00 1.240941460277207309e+00
-1.698330082129103413e+00 2.632092549965929784e-01
-5.960163696569843239e+00 -8.088155780136661033e-01
-2.069625420773180124e+00 2.785772831345298961e-01
-1.533788650759601024e+00 -1.185581109872812178e+00
6.131784441123906859e+00 5.247968313127162610e-01
-1.979551853289486907e+00 3.185595589642302272e+00
-1.833582908217451957e+00 2.223475061086876980e-01
-5.845076653831953184e-01 2.611938228254802929e+00
-2.249459399902490997e+00 2.936576506276341370e+00
-9.670073712576299219e-01 2.944079017953527000e+00
-1.918061970195619859e+00 4.562320631116412173e-02
6.582225367156855356e+00 1.151926727192430278e+00
-5.076391684342585364e+00 1.641272822793525155e+00
1.967894561399620823e+00 -3.247054562705026015e+00
-5.131058667937125506e+00 5.973467076320693181e-01
-6.004711709924261953e-01 -1.961062224641472840e+00
4.090055344422904859e+00 -2.221294248985686615e+00
1.664506964873213590e-02 2.684058100395518842e+00
-5.805539626563622768e+00 5.831838433478342409e-02
-2.919870730442695184e-01 -1.683102781257729719e+00
2.260073031166788482e+00 -3.115761743963580965e+00
-2.061268840501320643e+00 7.517399602490946187e-01
1.519268292652921737e+00 1.106461307939837990e+00
5.710346119273520316e+00 -6.589655554470090770e-01
-6.264522832638060201e+00 -4.011672924359913628e-01
-1.819023180332045353e+00 5.560569626386402398e-02
-3.139531264457803506e+00 2.661754163971118192e+00
-1.757003215023407172e-01 2.797909207470235415e+00
-1.868291390195727431e+00 -1.189134740334208296e+00
-5.627411321409612199e+00 -5.400385637335534117e-01
1.788915335080107916e-01 -2.608113993028115196e+00
-5.920469774358815052e+00 -7.381234782469054956e-01
9.462054886139075194e-01 -2.617022598943254508e+00
1.248036046147993794e+00 1.664496872419437334e+00
3.002847862835105630e+00 -2.626871887718501775e+00
-4.219837290505485949e-01 -1.921667563332746020e+00
-2.066045358312757596e+00 2.860193336463409786e+00
-4.880297765882867012e+00 1.984767880313837107e+00
-6.724269062413199549e-01 -2.377388781392051342e+00
1.080133430141113404e+00 -2.860976682446144892e+00
4.097872153889952074e-01 -2.788941582800688490e+00
-5.187929088872541783e+00 8.239878917454706020e-01
5.589983403543190121e+00 -9.871459681719177981e-01
-1.717659080757114154e+00 2.843639700834589057e+00
5.424971740783245622e+00 -9.126469245462656144e-01
-3.775675803863212998e+00 2.114435664100313694e+00
3.140640622664634840e+00 -3.328946618394363011e+00
4.648637329897799653e+00 -1.937351855694464220e+00
1.862900963970552048e+00 -5.257396495710793261e-01
-2.519945199525888135e+00 2.909708697436681479e+00
5.177776632237613086e+00 -1.030602656409204343e+00
2.129759330475617496e+00 -8.705213247955567724e-01
-1.890287108152765017e+00 7.886718027352308535e-01
2.215841112623579967e+00 -3.144271004313444973e+00
-1.764216506868883094e+00 -1.331324885960245563e-01
7.750197433016703386e-01 1.551012922193351073e+00
-3.966075718350104751e+00 2.549999627642804079e+00
1.613091483071828591e+00 -2.970798512725374430e+00
-1.670431627441425260e+00 3.039310190707094073e+00
-4.451503481150954400e+00 2.745824905443764674e+00
1.846727262600611486e+00 4.535451619005061996e-01
1.344256460764826411e+00 1.441702706224543551e+00
-5.671321334568800943e+00 1.563320303609392337e+00
-8.414968103356894602e-01 -2.168286863333324099e+00
1.929693496188584323e+00 -3.369055687818357514e-01
-5.505723758909844889e+00 1.047984667841876050e+00
-2.059850771972674188e+00 9.044180201193641189e-02
-1.862126172495309095e+00 3.053491300779486828e+00
1.847533641475771482e+00 -2.881815443240788532e+00
-5.842188123931165933e+00 -8.011025605105686065e-01
-6.103310081920973573e+00 -7.592573315453873262e-01
-2.016850517617360339e+00 2.570074262685364541e-01
-1.654323288345437959e+00 2.953450674190301495e+00
-1.461835007975941902e+00 -1.602206119158173792e+00
-1.057801341654875715e+00 2.824335876804469070e+00
-5.268310521223272147e+00 1.127605118418078867e+00
2.106556433132711348e-02 -2.338875286681971311e+00
-5.439717666718836497e+00 8.306174683382583357e-01
-1.007955289868320170e+00 2.975178528758286589e+00
-5.721320438980821876e+00 2.937201477661968152e-01
-1.173214590478756536e+00 2.925139739188278298e+00
-5.629255766732912392e+00 2.735575269612677829e-02
3.843353212485483006e+00 -2.863837743443299999e+00
2.567942976497007201e+00 -3.009926895283430159e+00
5.541252929412774364e-01 2.121736077139240617e+00
-2.375266252206414741e+00 3.167946425426768187e+00
-7.131366614742569165e-01 2.792404779032144901e+00
-6.753708511713898410e-01 3.026256440461315478e+00
-3.857707342739858269e+00 2.169022296872359146e+00
-4.825950725674731601e+00 2.655405205622531017e+00
-1.510444619732996596e+00 -1.038042151630885312e+00
5.855055362111209583e+00 -1.079338041502483359e-01
2.190040716697546408e+00 -3.032800110222773515e+00
-1.394082567792143568e+00 3.080167329133982612e+00
-7.358460405257840620e-01 -1.836110929109405987e+00
2.828542309319749037e+00 -3.152520748801537209e+00
1.264377389406818875e+00 1.359788062394392316e+00
-1.309381803655350840e+00 -1.231030043618946301e+00
4.384307074038132690e+00 -2.105311773627006389e+00
-1.791586901466274195e+00 2.904727852117650055e-01
1.522859363839609514e+00 1.056548495788905750e+00
1.491672252587061820e+00 1.377030267217535631e+00
1.933036462810457046e+00 -2.968528977472094654e-01
-7.420537547467698225e-01 2.388268219765681266e+00
3.780889394938617087e+00 -2.676482161933377846e+00
2.076475408279128132e+00 -8.601908795644229722e-01
1.886880839769301765e+00 2.901977157549566755e-01
-5.931961360700523933e-01 3.214373695588133906e+00
-5.680881555908213087e+00 5.295327030577579031e-01
4.907909335882916224e+00 -1.618965221110938435e+00
-1.335557630087644165e+00 -8.165713426774906525e-01
1.724571823234022361e-01 -2.621190590368126738e+00
5.352908560775286873e-01 1.687653582614321746e+00
1.742406101251373851e+00 -2.974018966014635446e+00
3.983889628805359351e-01 2.217250289697862975e+00
-4.729934928352772516e-01 -2.324329877112778497e+00
-1.787825693073981093e+00 2.970733008163107591e+00
5.461593448656821614e+00 -1.380143631646596702e+00
-4.501708693051005739e+00 1.818753231957294769e+00
-7.227035997699662317e-01 -1.634848671501190065e+00
7.633165031082116414e-01 1.717935565287449506e+00
5.112766911905784362e+00 -1.253234716668955251e+00
6.766266688627267101e-01 1.548384872874151164e+00
-1.528830562772319102e+00 2.967790695979272364e+00
4.381072872908543303e+00 -2.400064776793812360e+00
1.667630733043017344e-01 -2.467830078259510174e+00
6.344503447582559019e-01 -2.930021044351966975e+00
-2.887518530893729451e+00 2.909781474341728735e+00
5.794824609130067472e+00 -2.158058262073803135e-01
4.826518237138271772e+00 -2.021793195037674629e+00
2.416123126305445012e-01 2.301104191428001933e+00
2.707915197369694660e-01 1.982060315888997781e+00
-1.513120167547166162e-02 -2.517074100176241558e+00
1.322840414468228865e+00 -3.144481563030062876e+00
-7.957821020010842350e-01 -1.837232053399521003e+00
1.649434433106045983e+00 -3.056135936965331368e+00
-6.062413243212493974e+00 -4.883784640060016002e-01
-5.123632559058872715e+00 1.325410472614774626e+00
3.611640780473275747e+00 -2.679432248461629307e+00
-2.111885853352190257e+00 3.067875300238031677e+00
2.278437193522123039e+00 -1.841230968319240713e-01
-1.392300549997461667e+00 -7.223166613693801086e-01
-4.834283123913303282e-01 -1.786981399275493931e+00
-5.464449044159970015e+00 -4.819803499551478243e-01
-1.551332273156598607e+00 -6.124025220619939702e-01
1.111143647661606337e+00 -2.802731879187355446e+00
5.169245236195057380e+00 -1.295723059997817561e+00
3.906827098043315516e+00 -2.288056404590081971e+00
1.818245051944024304e+00 -1.185742953979756154e+00
5.160085965440290856e-01 1.873243116436238864e+00
-4.813955922696129264e+00 2.231653868144529262e+00
-5.422726004100091757e+00 1.507270510981983058e+00
4.674773373210629579e+00 -1.787334587552904086e+00
-1.049665948521699033e+00 2.842915316091780831e+00
4.816854732530376104e+00 -1.963708385665001277e+00
-3.473753881188946124e+00 2.399106396818424969e+00
4.095543170325195881e+00 -2.545934505025709171e+00
5.644250755010397747e+00 -6.337867432262549450e-01
-5.602244211887573044e+00 6.804905807513135230e-01
-3.564246362320941941e-01 -2.106487233637211354e+00
2.999941438867358201e+00 -2.502322752834165165e+00
5.769509505880963118e+00 5.696563649512986771e-01
5.266699429394076759e+00 -1.303569120106614410e+00
-6.041465643350766968e+00 -4.513466813686837220e-01
-1.974927552698529709e+00 2.752560722642559465e+00
3.495839164823794754e+00 -2.666937456614497215e+00
-4.622890297442365792e+00 1.928388071876199650e+00
-5.404254869903142300e+00 9.647176442315561484e-01
1.337499654078482259e-01 -2.607827354861337099e+00
-4.541025047105774703e+00 2.135857755395222490e+00
-5.065816192530403939e+00 1.994948270365712872e+00
-5.708492224426799488e+00 1.724667298879589694e-02
2.335290437774731664e+00 -3.258826616613530902e+00
7.153490688853185731e-01 -3.000504303040304688e+00
3.729224571512176567e+00 -2.154785824133441885e+00
5.929866394052197620e+00 -8.718692771545977216e-02
-1.557874286376102813e+00 8.271482970507129107e-01
1.892772443181144126e+00 7.082277180810074846e-01
-4.791190395042713490e+00 8.599710702564395959e-01
-2.227805554379560959e+00 2.695927638940045945e+00
9.687387391182027407e-01 1.478249113184719299e+00
-6.094491159814492409e-01 -2.150865833705895902e+00
2.186910817413281194e-01 1.718608334167003981e+00
-3.082223286310854071e+00 2.804710586129146588e+00
1.816285045513983398e+00 -3.344119630592102155e+00
9.503575501840137996e-01 -2.517610257020144182e+00
1.943633023632234114e-01 2.067035243155336044e+00
2.218035415551109502e+00 -7.552098220688698849e-01
-1.997059311307386231e+00 -5.906134858674034760e-01
4.198248375855770931e+00 -2.870520984345783511e+00
8.538482498636250639e-01 -2.908358715648925674e+00
4.464450226180729508e+00 -2.104883246712716982e+00
-5.748530862097563698e+00 1.648081456943697454e-01
6.303452808080935554e+00 4.311810727862983583e-01
-5.158445861776085550e+00 1.356624456131601875e+00
-2.681602543369447922e-01 2.668913360755877040e+00
-4.919269649492308716e+00 1.773602166129988333e+00
5.234973933209017716e+00 -1.749587099816870328e+00
-5.857542392747134841e-01 -2.062215973430928440e+00
3.862424669374662223e+00 -2.233001093538283133e+00
1.646392428647133865e+00 3.448305798322739424e-01
-5.551560375037243311e+00 -4.904978066807985648e-02
-1.760335076264207377e+00 4.517090562424743716e-01
-2.463308056225856912e+00 4.848646954399662423e-01
-2.554535134361293203e-01 -2.334587249511193896e+00
-1.054789627687320319e-01 -2.160453393693654522e+00
-1.300673389012569015e+00 -4.290666832251246454e-01
6.118492354455700166e+00 -2.203388756271795756e-03
9.054185992632479696e-02 -2.300563290865508037e+00
-4.025794457847177377e+00 2.721873997895730923e+00
5.980571585772567644e+00 -5.058102288200190255e-01
3.593263395303518237e+00 -2.961384297242339425e+00
-5.864775920450435720e-01 2.307754959609328083e+00
-4.951513492391738325e+00 1.604950577822036095e+00
1.645463054470874376e+00 6.447775855390933675e-01
4.532594176002255004e+00 -2.474987457035395799e+00
5.592386846413670121e+00 -1.018639080698093169e+00
-1.942373901702267425e+00 1.654993368505719431e-02
3.313016228488804948e+00 -3.145398079610381981e+00
-5.913424879741808304e+00 -9.916786680725587777e-01
1.056374751858602412e+00 -2.652762768591559350e+00
-6.002326786991213581e+00 -5.749441052796580021e-01
1.210191225304542151e+00 -2.961836725061795406e+00
4.964734580620168813e+00 -1.690687745862391456e+00
-1.731847855000615111e+00 2.855104538464219299e+00
5.218223852594998213e+00 -1.756607005386146669e+00
-3.674717249909114969e+00 2.809770884074761277e+00
-4.802207545980145653e+00 1.396858450017470776e+00
2.164762833242878770e+00 -3.009556524602463590e+00
2.170681071986772182e+00 -9.155067040198869854e-01
3.065276482942026703e+00 -2.930265696583751023e+00
-2.141825715888396431e+00 5.833434008009574789e-01
5.922690186023420011e+00 -1.022546987710986066e-01
-1.145295885474935105e-01 -2.469308767321427567e+00
4.785772396967956865e+00 -1.860667738743760236e+00
-1.372967729638313816e+00 -9.184152617852936462e-01
-7.290221026761090073e-01 -2.022427683756343075e+00
5.519805855880052903e+00 -1.565557139826316391e+00
-8.534685560828054740e-01 -9.661928346691532887e-01
5.374057837076376742e+00 -1.396180893065534612e+00
-3.063919049181178522e+00 2.842860025054768425e+00
-3.627065806786620605e+00 2.722095253662407011e+00
-1.943776941355913834e+00 3.535842639642883256e-01
-6.166297602793548549e+00 -5.223398105626886334e-01
-3.729170779598343977e+00 2.460682446427038261e+00
7.703465072541937353e-01 2.306368888217463109e+00
6.077044966748122334e+00 5.927297396342878777e-01
1.926552335345168565e+00 -4.080091130130487631e-01
-8.091940676813180744e-02 -2.348461448290401599e+00
-2.119156645595667410e+00 9.069794176771328598e-01
-7.881070351093968362e-01 -2.101126929588658321e+00
6.117830973186885402e+00 -3.614073476031454124e-02
-2.457064466140967962e-01 2.532383100525894548e+00
6.111003058263696275e+00 2.935698137159379328e-01
3.576386721869586616e-01 -2.152170349123419868e+00
1.173808315790797696e+00 -3.110113698052486164e+00
2.017751879163583340e+00 -2.974009868616595220e+00
-1.091230108753195260e+00 2.931287065556549720e+00
-1.049696216933766024e+00 2.956036231495725808e+00
-1.941854560379889572e+00 -1.152229547537410692e+00
-5.068219810015506255e-01 2.887201680360120370e+00
1.197328190969821460e+00 2.031706190789608790e+00
2.102880644460316972e+00 -1.015787945502780953e+00
-4.616626461992012764e-01 -2.035093193752116392e+00
1.450480686449301615e+00 -2.639648055903394575e+00
-9.505157127446497434e-01 -1.329357595456965857e+00
-4.691846246337942006e+00 1.858872864433132932e+00
-2.086290342757208816e+00 -1.503118035439410249e-02
-1.670790250361847473e+00 -6.950113987496342460e-02
4.706482107810630033e+00 -1.907415787096661930e+00
-5.685726935355125633e+00 2.205310043106685214e-01
1.936020378946225584e+00 -2.834149987731933606e+00
9.708168360296078880e-01 1.178299561282268648e+00
-5.978904814152430802e+00 -3.621116175111532831e-01
1.268413378183076645e+00 1.083403747759749791e+00
4.080689171501449941e+00 -2.410980807800358505e+00
2.878879316854111359e+00 -2.951510837666755371e+00
-5.988597490418342773e+00 1.241379483092597269e-02
6.205529154568592887e+00 2.910197113641050937e-01
5.809774797373973954e+00 -8.075774996734097488e-02
1.658714063974458419e+00 -2.704394593752765807e+00
5.328518209908674308e+00 -1.257563605616543345e+00
-4.426018515643018958e+00 2.272728071169562103e+00
-8.522776911952889556e-01 -2.146957188042428299e+00
-4.842416638799493356e+00 1.472082082693764171e+00
1.320901665393231283e+00 8.669994758939632007e-01
-1.701611704288309213e+00 -4.518374772611296608e-01
-1.833952666447587587e+00 -8.466309750955249847e-01
-4.707646954545477769e+00 1.797147696993612431e+00
-2.013319582011041664e+00 2.835317422910793361e+00
5.328331250745593550e+00 -3.302459713968386446e-01
3.472406623036135009e-01 2.369113027691780005e+00
-3.751676040459146044e+00 2.761451532519355823e+00
2.117017950897641221e+00 -7.003214466167495544e-02
4.189254371387254317e-01 1.896301825429280274e+00
-1.452435952546640596e+00 -2.177925055222710293e-01
3.477367361039998883e+00 -2.547164011978811704e+00
5.910409680114125486e+00 6.061542656805443130e-01
-6.790978005432088960e-01 2.837574430208711807e+00
-2.623978831386191146e-01 2.585220539327213629e+00
-4.641745297539355164e+00 1.718875268564041825e+00
-5.372855656520383327e+00 1.163357907428670401e+00
2.147295255326389096e+00 -3.026505911729234999e+00
4.952989960072334163e+00 -1.846077920145365425e+00
4.554822135251263227e+00 -2.240527260134333343e+00
2.992725377309809254e+00 -2.952628327297747823e+00
-9.691782030840621065e-01 3.121847003465906489e+00
4.860767583836418382e-01 2.058751889418373615e+00
-6.687233687600548038e+00 -7.502844659112229975e-01
6.007770869875583841e+00 -2.932936539891404237e-01
-2.795753030839472686e+00 3.155562292962729387e+00
4.594753660658128958e+00 -1.841233814007126490e+00
-3.559551106659949227e+00 2.588114420169130625e+00
5.697709356166596351e+00 -8.849427539840617474e-01
4.108803445732748472e+00 -2.539932883687577192e+00
-1.885510952912764715e+00 3.094085717933497293e+00
1.128676269613222871e+00 -3.069764444794169655e+00
1.975262937615722691e+00 -3.017544628752567570e-01
1.481079786851394520e+00 1.388491342740637347e+00
1.716181317984739607e+00 -1.055456761282029809e-01
-4.932645522125220339e+00 1.433749336403884023e+00
1.748105712742380025e+00 5.853292985729507958e-01
5.919286654648708179e+00 -2.565147307038795343e-01
-1.299128942792382890e+00 3.021999112500382445e+00
-6.109736612738215555e+00 -6.370201627946932010e-01
4.839903726245777804e+00 -1.481326640625238777e+00
-5.791509221214091951e+00 3.307015391704015705e-02
-4.078081610993791628e+00 2.249831396193095578e+00
1.333053632858161475e+00 6.883628396483845169e-01
-5.751019196670795530e+00 3.732684461644935059e-01
-1.181193300562005888e+00 -1.380884998827425214e+00
-3.710613048421753657e-01 -2.170649015941194193e+00
-1.190374943570005728e+00 -1.025694898317693893e+00
4.328708814131768001e+00 -2.129915470826992063e+00
3.810916386908262510e+00 -2.473823316381106530e+00
5.485260240792404041e+00 -8.375539791121067168e-01
1.416889190527978126e+00 -3.292506638772480176e+00
-1.517122662093483232e+00 2.970314862894921859e+00
-1.133637812234336906e+00 -1.187324676389810207e+00
3.885292744942303145e+00 -2.893323680239316964e+00
4.908661548373980388e-01 -2.842573003784442331e+00
2.142466810880433670e+00 -3.083076089439198864e+00
3.996107509705298710e+00 -2.560918788024041604e+00
-5.528791646435005092e+00 2.602581628249844847e-02
-1.143339174216606580e-02 2.319750193415401451e+00
-1.626927213078547929e+00 2.863927261997328610e+00
5.517306462279076840e-01 -2.527093221077904683e+00
4.166693509473465618e+00 -2.433477259108078883e+00
5.873703651371425138e+00 5.690248754715805379e-01
5.168006720387721131e+00 -1.257630938638675033e+00
5.426622255984458576e+00 -9.623164873735214897e-01
-2.301924157957623507e+00 2.988437602692945116e+00
1.440946932378037282e+00 1.054649825175451472e+00
1.890125573700927930e+00 -2.238685292788998860e-01
-5.725962838068664240e+00 7.938647990021525658e-01
-1.796726499966838642e+00 3.004431368295642280e+00
8.770851528187773027e-01 2.106891631042046242e+00
-5.126765109673848464e+00 1.637018121951648641e+00
1.018046743541560772e+00 1.994941178978195673e+00
2.450346265937319856e-03 2.958484888943098134e+00
-1.471817480908557574e+00 2.808852668609473913e+00
-5.794688509773767038e+00 -7.548005496711562845e-01
-8.794210494140723977e-01 -1.970859425100652373e+00
-3.155506216262072172e+00 2.722991554647814283e+00
5.943305828682832193e+00 8.283978254501440652e-01
-3.121038415911998598e-01 -2.034365858677500416e+00
3.176583584812642691e+00 -2.784810428609710176e+00
3.284559542037254865e+00 -2.775852269709750075e+00
-1.419540560861943579e+00 -1.014799878765244801e+00
-3.874799492531983081e+00 2.720295014786755505e+00
-1.862860657586253188e+00 4.612051181601983796e-01
-4.695129195305344894e+00 2.039342914787407146e+00
3.620190215515655119e-01 2.146984453234713097e+00
-1.727286357745495327e+00 -7.235932949827158511e-01
-2.163662064535440077e+00 3.006763808116500236e+00
2.066549104776724377e+00 -2.427768786564739045e+00
-1.831269099782268928e-01 -2.123610895761492312e+00
-5.671220749957680773e+00 -8.157962110654568555e-01
6.829090276638254409e-01 2.086277945963276537e+00
-1.659164630935441087e+00 7.767853454217248377e-01
2.241495404246641066e+00 -5.216971295252210705e-01
1.247353267197157667e+00 1.731069937630492550e+00
-1.522012110318382572e-01 2.577172782080119795e+00
1.270482319192960396e-01 2.581165420782503439e+00
-1.265309473552207242e+00 -1.233606703342810862e+00
2.687452641116698793e+00 -2.928953044290913077e+00
4.008225124658029159e-01 -2.817719213555344382e+00
-2.209277415952484613e+00 5.208032211171871317e-01
1.223170103445609946e-01 -2.261421831830530582e+00
3.187209595657192196e-02 2.437465224257955754e+00
-2.557143410212426637e+00 2.967424563300895102e+00
-4.909662895168233732e+00 2.088212578345407966e+00
4.984722968899325757e+00 -1.649824583850845183e+00
-2.679099078284612467e+00 3.173579471168291199e+00
-1.887588133246286715e+00 9.660140011446247676e-01
-5.794806194414633183e+00 -2.185326792602009238e-01
5.090837037216058292e-01 -2.351230625692068088e+00
2.170989924403452953e+00 -4.245972636655455101e-01
-4.399019204205714573e+00 1.969939321385369091e+00
-3.846819570428694934e+00 2.360974537027687337e+00
-3.489907421041363200e+00 2.822736373786630448e+00
-2.044762440083718325e+00 3.007923351631673015e+00
1.350554639098121790e+00 1.501601404666343065e+00
-1.797947676657075666e+00 -7.535622171002666070e-01
8.629107881467126262e-01 -2.646908518638167340e+00
-3.592909389576601775e+00 2.894828453472317875e+00
-4.142769735008312360e+00 3.061788019714854592e+00
-3.361865714574863162e-01 -2.186865588530388926e+00
5.999893399910017244e+00 4.891933343797765232e-01
-6.312418359900533460e+00 -9.641176332500883683e-01
-1.100208902071081685e+00 2.390179122767499553e+00
-5.415901236768121407e+00 9.091046383671113063e-01
4.709285579309273828e+00 -2.074106840317877953e+00
5.850996376521892195e+00 6.727522660502478491e-01
-3.260736856300723296e+00 2.925994437488847577e+00
5.651751780165178651e+00 -5.186219909268978689e-01
-9.486748569747311954e-01 3.030359845896355431e+00
1.683123570977058669e+00 -4.483646099821341213e-01
1.212106976247998347e+00 1.084051725032311619e+00
-4.367717966854950618e+00 2.360641560898731672e+00
1.636310106866550207e+00 -7.746500576926806936e-01
1.905494513358401143e+00 8.182108069261584404e-02
1.149056361937811577e+00 1.354351140661687936e+00
2.116026018324222768e+00 1.068648591294252270e-01
5.919584598721568724e+00 5.000519456259233664e-01
1.902815810069824476e+00 7.746196658676942626e-01
1.841577554879687550e+00 3.588269404121844364e-01
-5.754865746707995555e+00 4.228934920512039675e-02
-7.782347023561775323e-01 -1.545114765150744862e+00
-1.383045888252544486e+00 2.886225162124318011e+00
-1.371518400087297085e-01 2.421133450028434719e+00
3.957823596922209752e+00 -2.625385429981208052e+00
-1.966878845576702783e-01 -2.388592540849710844e+00
6.945777091897489264e-01 2.267561160768013728e+00
4.139231564080986914e+00 -2.666124949541631040e+00
-4.444389174944085585e-01 -1.956230363403207440e+00
1.491785517491221569e+00 1.403598460169844131e+00
-5.456371818747423497e+00 1.243761537456970601e+00
3.958911554834978475e-01 1.929119817117511460e+00
2.727286676100990626e+00 -3.041838433881506543e+00
2.223444488058705204e+00 -7.188015695226093182e-01
4.811426037699140679e+00 -2.295541117166961520e+00
-7.565103401978199305e-01 -1.858379014689297781e+00
-5.511569099263912364e+00 1.140401090880978519e+00
-1.769677718089389895e+00 -8.903457386380873029e-01
-5.568433228722705408e+00 1.218425037249854626e+00
-1.719319687168568755e+00 3.064456930185329497e+00
-5.634709724668330644e+00 1.516925391912053556e+00
-8.717798480738863098e-01 -1.881623737101858485e+00
5.068843136250302805e-01 -2.710795942271686076e+00
-5.577683578382210072e+00 1.513897964431598631e-01
-3.872012092248296344e+00 2.850625082061798654e+00
2.699009208888333511e+00 -3.345775018263931866e+00
-2.658590276803756591e+00 3.144192526312062697e+00
1.536931964197569833e-01 -2.545604546198156015e+00
-1.141831453283612019e+00 2.879636314095257443e+00
1.031958444371417372e+00 1.584787703268304870e+00
6.188928120487624085e+00 9.289593229291859267e-02
5.749855965117137480e+00 -1.675146183918003739e-01
-7.003077404173536635e-01 3.194711713021511912e+00
-8.142447358728008844e-01 -2.327109064646717407e+00
-3.867090529722738701e+00 2.488374859006674100e+00
-6.298726659378317549e-01 -1.615472516329428121e+00
-5.394019078299720604e+00 1.038010099415373144e+00
2.999759399734770682e+00 -2.808004712658035196e+00
5.089109396592868428e+00 -1.418522710838777456e+00
-1.841435615818594718e+00 3.450038745108519933e+00
1.701942938341138412e+00 -3.273178619825945379e+00
-1.127341553359890725e-01 2.481472091563876159e+00
-1.385450008466497573e+00 2.440755497571764465e+00
7.100712083482134673e-01 2.131496477821185564e+00
6.098145100945432162e+00 -3.535229559974754077e-01
1.809801533790976080e+00 3.989573980259786268e-02
4.480681413014401926e+00 -1.984182890257364162e+00
-4.102978967995460025e+00 1.920530892470248663e+00
-1.285639921546203990e+00 2.813769353883023516e+00
9.174949551453415175e-01 1.138158494643406904e+00
8.200676408565903408e-01 -3.029856175003280860e+00
-9.113672204311686897e-01 -1.827986192423719070e+00
4.553212585939170332e-01 -2.712327464147787470e+00
-5.980520669007010959e+00 5.130096910365242735e-01
1.045735909310371081e+00 1.264942257051486774e+00
1.337972303127962892e+00 9.598638505753853689e-01
-5.813336434835102651e+00 -4.930882361523587498e-01
4.437438299241541095e+00 -2.011409493239276092e+00
8.799601517103723403e-01 2.428216364633918545e+00
-3.707951620668172410e+00 2.320751915428981071e+00
1.447303856964622160e+00 4.075183098178225549e-01
-4.873722970254480202e+00 2.140979500322719442e+00
-2.822206285772070444e+00 2.838802048490383534e+00
5.842138834304067885e+00 1.519700308836995362e-01
-6.289807698778072442e+00 -9.523543144964596863e-01
1.960261892513067039e+00 1.807276912990229967e-02
2.846950013327296247e-01 -2.746408233295571488e+00
-5.852721356306409994e+00 6.789730070991275568e-01
-4.624128335165588410e+00 1.799614079377713782e+00
-3.048616406303483739e+00 2.492580100667560750e+00
3.932771222058645044e+00 -2.357928582248660199e+00
-1.671738878351145985e+00 2.755439862713160437e-02
-1.016766854745386084e+00 -1.645520696999259069e+00
1.883282375893770233e+00 5.300734579521801937e-01
5.590225145680411067e+00 -7.575748732712325184e-01
6.324985419467559211e-01 2.208837638239340428e+00
4.673137936885876087e+00 -1.824290115564853654e+00
1.843546122955412869e+00 -9.561598284063976827e-02
-8.756355741373693657e-01 2.905687343907713327e+00
-2.153576279234909130e+00 6.541214391477543355e-01
-1.410910255887469100e+00 -8.354553472520788171e-01
1.868380379177892792e+00 -3.060688067839477000e+00
1.751507882643190683e-01 2.050725827776073373e+00
-2.514250717740793561e+00 2.927513966534073475e+00
2.773380031193298123e+00 -2.851360290998418812e+00
-9.167822625959041183e-01 -1.338915360421365053e+00
-9.235212173305358263e-01 -1.652313423542115078e+00
1.115580140358986228e+00 -2.892621834925112267e+00
2.496115336230835702e+00 -2.703443163886805056e+00
-3.174738109914902129e+00 2.795442166406720830e+00
-3.903633754846134174e+00 2.397675397027053013e+00
-5.965398528660362132e+00 -5.249664562439699811e-01
1.461400159684687061e-01 2.574800635941524085e+00
1.478867238094830672e+00 -2.864026674466389810e+00
5.098536239198430131e+00 -1.577346061079612394e+00
6.094181719629206739e+00 -1.105847156174032397e-01
-1.011624707204795914e+00 2.631136131803019751e+00
1.063995336925828816e+00 1.598273801726729726e+00
5.717814498138685586e+00 -5.185294560336209946e-01
-5.680926855487193450e+00 -1.038184903030415329e+00
-5.977177977176350687e+00 -3.444688527924133492e-01
5.544783209468887364e+00 -2.013553290435075027e-01
2.917872505553594564e+00 -3.006708122378153547e+00
3.920882537586591887e+00 -2.193425338434462635e+00
8.421678623353727744e-01 1.967691143903795403e+00
4.513272843502968534e+00 -2.224041905641096051e+00
1.395577021109843052e+00 1.067493648207191281e+00
5.477682886192216216e+00 -7.333525514629346542e-01
-1.254122711100055021e+00 -1.436062438777208072e+00
2.400212820310296813e+00 -3.255086223613416596e+00
5.841908816878985000e+00 -4.190138275852928196e-01
6.015670300415260741e+00 3.517154802121200685e-01
-4.621283677347802765e-01 3.054734986077481729e+00
1.166983495800848036e+00 1.647527676916606953e+00
-9.227972280459739718e-01 -1.632092833612272198e+00
-1.931329595834295532e+00 -1.802288124988726814e-02
3.111690374022616723e+00 -2.999609571699791033e+00
-4.278857799205708190e+00 2.262032626796114609e+00
-5.817426465617202780e+00 -1.050215474495352908e-03
-1.877602181780004820e-01 -2.505274798172360207e+00
-1.787022770968848207e+00 2.142311885960765938e-01
1.304925530579562842e+00 9.616416667504925631e-01
6.891546588982500054e-02 -2.774917757789130413e+00
4.973019269717074309e+00 -1.559448308903631730e+00
4.059881337305109028e+00 -2.987180529367208681e+00
-3.275900282836644806e+00 2.642389064609768745e+00
3.534291092126035316e+00 -2.672750142915270022e+00
2.231306281885841791e+00 -6.005268261474425717e-01
-5.523051176759891767e+00 1.348705144848031168e+00
2.959415770445329663e+00 -2.633546460685504798e+00
4.383458047428125504e+00 -2.330447375031279300e+00
5.582449091577200484e+00 -6.628937815454978288e-01
-1.192793379278603627e+00 2.850335044321479661e+00
8.077700614385965316e-01 -2.777571982996783539e+00
-9.011765960395601294e-01 -1.988266906058525851e+00
2.435437311002945471e+00 -2.915220565168901601e+00
-3.972779243134025418e+00 -2.656915931616496529e+00
-3.875874188679038213e+00 -4.935569594915332203e+00
-4.552369546792790267e+00 -4.706547836072907387e-01
-3.523995379130489880e+00 -1.628761667423094472e+00
4.100725025828211301e-02 2.284737943552382688e+00
-5.528254321906812763e+00 3.592924786908511692e+00
1.534804673890892701e+00 -5.018891616613537110e+00
4.482943489281327132e+00 5.050468806381758213e+00
-5.267064481741634552e+00 -2.677468222233555295e+00
3.674415357516735980e+00 2.979116284603900766e+00
-3.785747767723472101e+00 -3.487808119959476372e+00
-1.554334766503416176e+00 -1.857241777077440759e-01
1.419057258363551455e+00 -1.573036325162730620e+00
-4.495834064022252718e-01 2.969651257605079309e+00
-5.559801565312825211e+00 -2.970756667871750967e+00
2.560195030614629275e+00 4.742482052246391078e+00
1.401293053879939521e-01 3.853618231837874220e-01
-4.713935863922687375e+00 -6.310515981185442769e-01
3.914071974602784110e-01 -3.090353956383244061e+00
-2.769081228607428447e+00 -1.472590042744528205e+00
-5.759145626667283580e+00 -2.135050013001860592e+00
-3.462623916041464245e+00 -2.070031773865024238e+00
-4.562854418168985404e+00 4.686327368878739463e+00
1.123109442648583922e+00 2.149227829733874273e+00
3.470054863288059011e+00 -1.869361285131265760e-02
-4.956956542950916145e+00 4.452785018225728919e-01
1.042093416250549964e+00 2.945273690211958950e+00
-8.200854452438477438e-01 -4.469036366453234876e+00
-2.594689130415306355e+00 -1.643012443216378848e+00
1.751006895979214661e+00 8.493396560269426132e-01
-1.726839289225845064e+00 5.838182985515755874e+00
1.269297832282646254e+00 -3.153278499168066240e+00
-4.778610328555155107e+00 -4.165690329788015234e+00
-3.048507259385902390e+00 -4.071823520885331504e+00
-3.761195711384330842e+00 -2.578857975673834790e+00
-3.919516856462942123e+00 4.761185095517102894e+00
-5.037195052060293499e+00 2.941366748430560563e-01
-1.075238076124062303e+00 5.788543402903275847e+00
-4.655533173983371853e+00 -1.225732811451100801e+00
5.633645199304426754e+00 4.386085510727763648e+00
3.804864851391359437e+00 -2.905166075460722030e+00
-3.949348951319210155e+00 2.023718639093171845e+00
5.152511869531029021e+00 6.811547161671569484e-01
8.593522736387981809e-01 -2.640250876076589925e+00
3.233915198303243699e+00 -3.755475017309719554e+00
-2.115849163149075896e+00 -8.947627366029990981e-01
9.132454421346025697e-02 -3.091083211019037158e+00
-4.621958103129557571e+00 1.327440509299591120e+00
-2.536433361116930740e+00 9.748586570713477784e-01
-4.147647416709572710e+00 -2.263187777421897806e-01
3.910731906190303420e-01 -5.378117558130877107e+00
-1.960748661672953475e+00 -4.387023876732309091e+00
-5.239500354326787068e+00 5.879522788679341971e+00
-2.131753860303324366e+00 3.718493350255618779e+00
-2.944312142834833779e+00 2.178032666687151675e+00
3.122734318676238630e+00 1.147664887294131297e+00
-3.410857373980995533e-01 -1.057909030232777603e+00
-1.813580801484055982e+00 5.154349730973910582e+00
3.967432893452748743e+00 5.580322927998150107e+00
-4.508433318173462823e+00 2.770409702443730637e+00
5.260085481852453171e+00 -3.825203206012078194e+00
-5.202044791598670059e+00 2.893447791480708631e+00
8.936773581589427806e-01 4.101945321099265129e+00
-4.322731480484526045e+00 3.543207742318681852e+00
-3.580472159427065648e+00 -4.036128685611545919e+00
-4.028810424828084713e+00 3.774896642776585765e+00
1.982366648354402017e+00 2.767850972294318979e-01
-1.694034190517969662e+00 4.526406489757299312e+00
-1.290658710928375363e+00 3.799193273658925563e+00
-7.303810971573785338e-01 -1.476666846901109054e+00
-4.478425719647223247e-01 -2.383465510030295054e+00
2.971312562115013378e+00 3.264468110974938497e-02
-3.213447658238192339e+00 4.794894879294821166e+00
-1.393305343521463513e+00 5.226343333678631353e-01
4.877665331574563723e+00 1.490855950967905130e+00
-4.597223511499631599e+00 5.277985483361701924e+00
1.532496636857014316e+00 -1.981132624114966490e+00
-4.328735128039353341e+00 3.528302271243552113e+00
1.440873071142162232e+00 4.015331037158578198e-01
4.726710996611490856e+00 3.463166534694369858e+00
-4.179901443206985867e+00 -2.259335186453421240e+00
-3.018130322226411089e+00 2.927355510872123645e+00
-5.597610783170647863e+00 8.386762184557987609e-01
3.149504228888286406e+00 4.521187641140993918e+00
-1.895019015409109997e+00 3.855087656064153379e+00
-4.672419156537513274e+00 4.157427500814218746e+00
-4.470136052016211003e+00 -1.232552513275592787e+00
3.567544389354644352e+00 -4.200990871814714644e+00
-3.248983257208302167e+00 2.667030820716796313e+00
2.640438438552891398e+00 1.693771594623568078e+00
2.327381333605199387e+00 5.126933201711540988e-01
-2.978411293116566938e+00 -1.851648077952966709e+00
-3.820827398382891982e+00 4.901406736003540487e+00
1.000701537193445567e+00 -1.189782998836321326e+00
-4.559303562704073443e-01 5.367400075341784316e+00
-4.159783162607038065e+00 1.034757984201567282e+00
7.066414661359132765e-02 1.337450825215773520e+00
-5.782677794149913453e+00 4.465486907329818678e+00
5.185419389803348267e+00 7.815982030705068695e-01
2.359809886522707956e+00 5.069992574127548224e+00
