6.433658544295077775e+00 5.509168303351838603e+00
5.044697884885776418e+00 7.708064662864440919e+00
5.924535683526583441e+00 5.259219662819222485e+00
5.293990746037809281e+00 5.671261968134860609e+00
5.615090763565967258e+00 6.130928500753152655e+00
6.185903473182608359e+00 6.094105775561850180e+00
7.166309414019815804e+00 7.227191331197892588e+00
4.054708262992056333e+00 6.481270317011508908e+00
5.799781643859624580e+00 5.869308930462587170e+00
4.822563606931027813e+00 7.185931234685254410e+00
5.980495944697185706e+00 6.283567459439914238e+00
6.332584285954668601e+00 6.663924115975623508e+00
5.766001568470870531e+00 5.976202458269189499e+00
6.075866902151711102e+00 6.530090409746342139e+00
5.888169720804838470e+00 5.973526836566881215e+00
5.402579272106106778e+00 5.379206889146464832e+00
6.756742966806222661e+00 7.260796298169314156e+00
5.706367847765728030e+00 6.299528939832376828e+00
5.048405021856401831e+00 5.673763524518237844e+00
5.643704472885743506e+00 7.215648224564059632e+00
6.257606223076582985e+00 4.888690091034735730e+00
4.262684798408283626e+00 5.167447740603720696e+00
6.137730654514321316e+00 6.258562453410411841e+00
6.594855046765658813e+00 4.535245917697237061e+00
6.450184494793050227e+00 6.020337878988529567e+00
6.377391957536445943e+00 6.525732838781236111e+00
7.866845822782684294e+00 6.854156724936897760e+00
6.076896286668339364e+00 6.334251945097756575e+00
5.239919370427466916e+00 5.164278149773868343e+00
4.504067144710053761e+00 4.909932490565404706e+00
6.507480676664030739e+00 5.276851289732855221e+00
6.379664427049180908e+00 7.039725901852606604e+00
6.168749737791324073e+00 6.476168770402570551e+00
5.285134160819143112e+00 5.910684899140925985e+00
7.171543820306060191e+00 5.103642765343698429e+00
6.757670140666133030e+00 7.376971101210976656e+00
6.365183031949319670e+00 4.656708413527083756e+00
6.260673116166046270e+00 5.935304147009301978e+00
6.373086424755039836e+00 6.587089218247335509e+00
5.378154233237979476e+00 5.326956376170826069e+00
5.879942777059897985e+00 5.229926250371069507e+00
6.120021508846166469e+00 5.909541676427771506e+00
8.100351963047707216e+00 5.182445950734572371e+00
5.376283240745273417e+00 6.338112822139757796e+00
6.696019830499509773e+00 7.824161042072090844e+00
7.294348862481419893e+00 6.656962538586324030e+00
6.233727346099176891e+00 6.715101274334465131e+00
5.513241955338243905e+00 5.747844106314990320e+00
4.817702938366110743e+00 5.817484268363189770e+00
6.767747809701350370e+00 5.832761267603020272e+00
5.382667489054385079e+00 5.713061463396793549e+00
6.577487519157417140e+00 5.796016707506542076e+00
6.677848695683731961e+00 4.954162560252278524e+00
5.305894387060101636e+00 5.595930253342589644e+00
4.955258016280948752e+00 8.347698113491681227e+00
5.125680903238599484e+00 6.729659574740470163e+00
5.468788023511444329e+00 5.590232389411086800e+00
6.240317886678463211e+00 4.836770058450031051e+00
5.471437706041626825e+00 5.883181640217490127e+00
5.325265061761333740e+00 5.344029372162361291e+00
6.866711515856471770e+00 6.801520238590925693e+00
5.647672606342958979e+00 5.932874726575257718e+00
6.986573493603860818e+00 4.862321769582928610e+00
6.269587600985717657e+00 7.574805410186468357e+00
7.567199694905307084e+00 4.452837412471495782e+00
5.391772213099695676e+00 6.134513111424156229e+00
4.945746308530110547e+00 5.467044531614444480e+00
5.890504522856595315e+00 7.117614186257408271e+00
5.963789430691150528e+00 6.173016364543195245e+00
6.408679954053717154e+00 6.433455594138250966e+00
6.022410529927894274e+00 5.045271607973424999e+00
6.629798007343148392e+00 6.344131395329525525e+00
5.125292895946921945e+00 5.455835172771617891e+00
6.707828663834698446e+00 6.482898824669740101e+00
5.425531387345951195e+00 5.784716215556933605e+00
5.885582704878711269e+00 6.492087034187886019e+00
6.996083895603351976e+00 6.052358025644886119e+00
6.932493359010418743e+00 6.696507824003306908e+00
6.164014822123887072e+00 4.848759976205162303e+00
5.180356407826155696e+00 6.591171270056138454e+00
4.635779130830371741e+00 6.094890461798850190e+00
6.797930279925264330e+00 6.121562189746062366e+00
5.520359844477208178e+00 5.324788657107294654e+00
6.650916880340920656e+00 6.376206842208176795e+00
5.772310010174722450e+00 6.849616537483110612e+00
6.681099945413171426e+00 7.426480487251214235e+00
6.452122390448890243e+00 5.868803832398709730e+00
5.885958582839422526e+00 4.457097107989308249e+00
6.120157063537161157e+00 5.987466659931750534e+00
4.939208757044005083e+00 5.979832031571399753e+00
7.071234387890892314e+00 5.414166673269685148e+00
5.234442768032771198e+00 6.881227751608887999e+00
6.505833900269740511e+00 8.441355020338802362e+00
4.948383615604197594e+00 6.574539792711148856e+00
6.251936577612246637e+00 6.047279372348695503e+00
6.726172634310974452e+00 5.976292749444509944e+00
4.455656733803784242e+00 5.324195946090538811e+00
7.088194326947851565e+00 6.934743432626685689e+00
5.702421407031380340e+00 6.401640306712102380e+00
8.220310264831345748e+00 5.975127187839407661e+00
5.990761804543311086e+00 6.152010660568729250e+00
6.484089220360970351e+00 5.721736308572351604e+00
6.483414222669734883e+00 4.449393322658886873e+00
6.268292474846177242e+00 6.040379450621450985e+00
5.826568713126367705e+00 5.620961834829410364e+00
5.513998537684041246e+00 5.351181954456690093e+00
4.151240925594411380e+00 5.786243843137878429e+00
6.874370134934450149e+00 5.732495290036693447e+00
6.506529560838785642e+00 5.138493371698888978e+00
4.958650072813968634e+00 5.401235157259114850e+00
5.182119770878607312e+00 5.056475054801873092e+00
6.358714130068493731e+00 7.418768634621189406e+00
5.468083988670538353e+00 4.650702214685463076e+00
6.523824105258349881e+00 4.854807371681379102e+00
5.056294802016212842e+00 6.394780312526878951e+00
5.868158476252237854e+00 5.451948258169105443e+00
6.054513060960981186e+00 5.673478858419004567e+00
7.506995481481947508e+00 5.461016673734781612e+00
5.271514236748297222e+00 5.637091483297464123e+00
5.670804870155114585e+00 6.475051417164355172e+00
4.411663005284719219e+00 6.339773942314510080e+00
5.568301592130500133e+00 6.619549739211335826e+00
5.962002092298704703e+00 6.413681127076086952e+00
5.687840229729748565e+00 6.349341850659960151e+00
7.326927927324378587e+00 5.410427168461394487e+00
5.914507798105080205e+00 5.612220813657377683e+00
7.270471458207666160e+00 5.653912921002618219e+00
5.415646473322933474e+00 5.538799302804723546e+00
5.891759553537065486e+00 5.367145638116804562e+00
5.706145295195176104e+00 6.125375237054092814e+00
5.907904991746490531e+00 6.663323342678591388e+00
5.745300597370619933e+00 5.836809541060500983e+00
6.216183396715462273e+00 7.790329765481247115e+00
5.371853619955560433e+00 7.534173159259605512e+00
5.056049520469885650e+00 6.182613762423741832e+00
5.729324842039238419e+00 5.349786382185965472e+00
6.557556226319849912e+00 6.478443353057274479e+00
5.616183925929488119e+00 4.330109276151829611e+00
5.664994090437902585e+00 6.111021262435722079e+00
6.001446432889204985e+00 6.602890882513146487e+00
7.542083363897184256e+00 6.330082973887301456e+00
6.452819679866174774e+00 6.118181300642246967e+00
6.935067935790923066e+00 6.423814351958862190e+00
6.597443979080082954e+00 7.442720832517956353e+00
6.181029737564863069e+00 5.783895948104336604e+00
6.355934939609355183e+00 6.906202091392288800e+00
6.399909393490220921e+00 6.845904860132420389e+00
5.466463818087542670e+00 5.307665514024653142e+00
5.565309072304901683e+00 4.989208133758055830e+00
6.087968655392724138e+00 5.657036269343533874e+00
6.981146437454907705e+00 4.970193065466331106e+00
7.240117675861463375e+00 5.217450553926383350e+00
5.012457668552656287e+00 5.342305117026906913e+00
7.556229747778584915e+00 5.968030379810832287e+00
6.422247579314249499e+00 5.853338434233475773e+00
5.928158417841170369e+00 5.596538911350507739e+00
6.040470488510542246e+00 6.394464675072090820e+00
7.338520789168137881e+00 4.505030494768004878e+00
7.284698440848020873e+00 6.421071135914697692e+00
5.706693371866874642e+00 5.563166977427126625e+00
6.832376191520673991e+00 6.182620227273778468e+00
4.776517123194759407e+00 6.289563615883797532e+00
6.912685492480309613e+00 6.684183942291987535e+00
5.500053902391698557e+00 4.929691486337037354e+00
5.740022407505411373e+00 8.595193016658679852e+00
4.767796923840030843e+00 5.327882534015873972e+00
6.312670259711664400e+00 5.900685762094623144e+00
5.840327989474601189e+00 7.614802032304354817e+00
5.319488517258842641e+00 5.988610649329278779e+00
6.161029864204710549e+00 5.358187900548886162e+00
4.851017511663636483e+00 6.214792406386760781e+00
7.446477058095035240e+00 6.322672250604591149e+00
6.071836760055582261e+00 6.065981078872562549e+00
5.793900747118503780e+00 6.943878024501533019e+00
5.596888059274609972e+00 4.917905252228211843e+00
4.738563003986162592e+00 6.063013085209087549e+00
6.845947835224955647e+00 6.189404696913816117e+00
5.746884751059047503e+00 6.365626640960118543e+00
6.148512348939965122e+00 6.658922418073694338e+00
7.057943872468034563e+00 5.238832846227971629e+00
4.134071168583907330e+00 5.719634291636961798e+00
5.187031361586861067e+00 6.663522417063458825e+00
5.422312661375065623e+00 4.503985901911091716e+00
5.542049661458450238e+00 4.810086340154768436e+00
7.268219136798768076e+00 6.376154733079110848e+00
6.516455428428361785e+00 6.427504203684361705e+00
6.670072615844739872e+00 6.903888983807814128e+00
5.569529873980314072e+00 4.867519557996873303e+00
5.324533937522799576e+00 5.963911479928641235e+00
3.954827036774750226e+00 6.911373014124660763e+00
4.487262556696467897e+00 6.477802680489803677e+00
5.865956320773064725e+00 6.227439580199921387e+00
5.623623719973152468e+00 6.173231503144226195e+00
5.623657389982822608e+00 5.556421627741735314e+00
5.284415456366586383e+00 7.216914981546649344e+00
6.292626032418668025e+00 6.167082753561659025e+00
5.301701836392304301e+00 5.812698358570035140e+00
5.212642268996874328e+00 5.608275972244346264e+00
5.035672917949949756e+00 7.267410757748235639e+00
5.396334855800679620e+00 5.302087021871624728e+00
4.942768821463049633e+00 5.384930492687195702e+00
5.605301217602087327e+00 5.960537929684779357e+00
5.485327797789392612e+00 4.723443915058729736e+00
4.792061455239426948e+00 6.542057802593030935e+00
5.902070694244083704e+00 6.517520253782773665e+00
6.622302985204386871e+00 6.120492764270017538e+00
5.017641764672566396e+00 6.151202123488534568e+00
7.116238490928038729e+00 5.643156917128191452e+00
6.271655304882667537e+00 5.989011488403376937e+00
7.094530286958955934e+00 5.459436454941728911e+00
6.919991254639631606e+00 5.700912903345606075e+00
5.446388762922689253e+00 6.087618130791596194e+00
6.273124113258663037e+00 7.524527031847295433e+00
6.254844955065041567e+00 6.154147562741916211e+00
7.272992610935194335e+00 6.479366357930592457e+00
5.486162848448939755e+00 7.081444671192715923e+00
5.410122237491424180e+00 5.482197386426856056e+00
5.323268266997430054e+00 5.253304343714155777e+00
6.265720024708619107e+00 5.794311937372222943e+00
3.226010536550993457e+00 5.786048676308514160e+00
5.586942712573253367e+00 6.712066607787484429e+00
5.550777044641154845e+00 8.025167243210452384e+00
7.114002922839613774e+00 5.689029702146219947e+00
6.916873824055993047e+00 6.418878918073517070e+00
6.186199008654556408e+00 6.640149677347252144e+00
6.043123846559852019e+00 6.191690378913341064e+00
6.656659025072014124e+00 7.636919290041172204e+00
6.200338788428352288e+00 5.638077652390894201e+00
4.381601162799396043e+00 7.564223829169224089e+00
5.790053418289156539e+00 6.426533398612014558e+00
7.520042950417288097e+00 6.181522634851225995e+00
5.844742097889371379e+00 7.132250226874997878e+00
6.367457617022153293e+00 6.467444414606624115e+00
4.785213729895319901e+00 6.961769216284428019e+00
6.299547629575121377e+00 4.906098509349845926e+00
6.386883406684362718e+00 4.355047113552508620e+00
7.867825898164813481e+00 5.121223431736262377e+00
7.285474016570796962e+00 5.351633003968851554e+00
6.446804086843485493e+00 5.272538505824043042e+00
6.795242252316191056e+00 5.812323187715097816e+00
6.373074296474620759e+00 6.012014491879713596e+00
4.910823627137983038e+00 6.402046890574321303e+00
5.598646472582105460e+00 6.833681887138501665e+00
5.811891664127228019e+00 5.938777482710476896e+00
7.342206199062123240e+00 7.899457722708101315e+00
6.626895868812178847e+00 5.770993429053614676e+00
5.701191485121818836e+00 5.347069911855288460e+00
5.501345671589629838e+00 5.781784467931783134e+00
7.566576178246187112e+00 5.842707239553915244e+00
5.022170024982883341e+00 6.033229841591507103e+00
6.142065076726190398e+00 6.028420811087270792e+00
6.637788126226517704e+00 6.055034861639101429e+00
6.613093220168757114e+00 5.377642630628277409e+00
7.420208274888285160e+00 6.201363484517382396e+00
6.319191833056556185e+00 5.374318040980760713e+00
6.376302307895878485e+00 6.519252369937160729e+00
5.067059389352321475e+00 4.676803139122620578e+00
6.234211277608860513e+00 5.610185055114126129e+00
6.207298544843609100e+00 4.970343235871617971e+00
4.755429452030186077e+00 6.164843731674416460e+00
5.721032414531266319e+00 4.316626399537422998e+00
7.071179043042087109e+00 4.957087276051830749e+00
8.052337268468120257e+00 5.502319834191450987e+00
6.320261814908501030e+00 7.313512632950700088e+00
7.179912153662966645e+00 7.584029161734036961e+00
4.785281227227513590e+00 5.094098438446585497e+00
6.180242541003223344e+00 6.669734679829170787e+00
5.991045631272199579e+00 4.693629344297896466e+00
6.396042428110341405e+00 5.845076167626081620e+00
5.835515564667392852e+00 4.183236619859853178e+00
6.636027934413491813e+00 6.115806479944297713e+00
7.431720902407464635e+00 5.940576949041601829e+00
6.451680599272955341e+00 6.663410752695622108e+00
4.607361094964834258e+00 8.086930691129646576e+00
5.656424552219544211e+00 6.394438125074033863e+00
6.510891687151148410e+00 5.350174632916307793e+00
7.473046210214824292e+00 6.212110759892151890e+00
5.829746395547995341e+00 6.110466054027202887e+00
6.609523981193140330e+00 6.008612000614936832e+00
6.703377014928426192e+00 4.656242041810079613e+00
5.403461780231962663e+00 4.294214808629372548e+00
7.592699850192770938e+00 7.582319007421030932e+00
6.499753250114870262e+00 5.192393559175373596e+00
7.906030655457374934e+00 5.517953471809265764e+00
5.829958151188166404e+00 6.127234748910465711e+00
6.360103373012821137e+00 6.513460249911650735e+00
6.545488807249189023e+00 5.884735829293603615e+00
6.532839228588212421e+00 5.849098758108983276e+00
6.462019393341469353e+00 6.396611569832192146e+00
6.608403506821369788e+00 6.508805866654544303e+00
5.647141162229577738e+00 6.365841080328344503e+00
6.521114378590331384e+00 4.970272798429755667e+00
5.781437844801772030e+00 6.484996969153468349e+00
7.363234241664441626e+00 6.657893358306672837e+00
7.413547633579438134e+00 5.682280096512639211e+00
6.199537672471216787e+00 6.642608537402784563e+00
4.144634505927967005e+00 7.204930511133111004e+00
4.515844375345465345e+00 6.795102559775402007e+00
6.547777877699943794e+00 4.134074008736977390e+00
4.174375248039618569e+00 7.142465907068345388e+00
6.968793059687423685e+00 5.297473377958242580e+00
5.296663671997555056e+00 6.408824500748337982e+00
5.989835992154510791e+00 6.840925509779442137e+00
6.382486402913555956e+00 7.262535107703820714e+00
6.773678728484051170e+00 6.574847490459933219e+00
5.719165398821683510e+00 5.660788032531481662e+00
5.958719984741280840e+00 7.468231234637367599e+00
5.675978438836638773e+00 6.207783066514681813e+00
4.209673184074576469e+00 6.538986513105577103e+00
7.800212659038805896e+00 5.255383473691906282e+00
8.531754063659056087e+00 6.145344716165082488e+00
3.947976732760323237e+00 5.692516680547154984e+00
7.061081945583661756e+00 7.594541416353525420e+00
6.572714461032644451e+00 7.250223936613249265e+00
5.060665401357391957e+00 5.457462141903087982e+00
4.660559027922150044e+00 5.517436187134577175e+00
6.607663144187422510e+00 6.169602111903992991e+00
6.692146912844130213e+00 5.253089813249176565e+00
5.301731155045578348e+00 6.163185437646596654e+00
5.519362469332034671e+00 7.038280674015911842e+00
5.499606468941071746e+00 5.604905783534183783e+00
6.334042437151461868e+00 5.689525932820236775e+00
5.015078759771872896e+00 5.123216471841221420e+00
6.428891468699639233e+00 4.916369160394783222e+00
7.114298690682145931e+00 5.449376892671815575e+00
6.491458603215225942e+00 5.497218832877008410e+00
5.270055656099617458e+00 6.196278265851013600e+00
6.838842527814072092e+00 5.802713585126133999e+00
5.947778995712571515e+00 6.643950053800784517e+00
6.670356613703044779e+00 5.969301198646068229e+00
5.646305721934828270e+00 6.065921680777588421e+00
5.847739878932199709e+00 6.249610339850059759e+00
5.047517996654593553e+00 6.221064224704411671e+00
5.427122147995271817e+00 6.722484311427818326e+00
5.463677982845561942e+00 5.477521799553231929e+00
6.355224708765375929e+00 6.011334592255395570e+00
7.815727538158335541e+00 4.700561129479386757e+00
6.087612447429685325e+00 6.900944024349987771e+00
5.538769786565701736e+00 5.273790976797140040e+00
5.305448007765162899e+00 4.714391666079126963e+00
7.076447459844448673e+00 5.737116000694786777e+00
5.642679096729277255e+00 4.305940477414644363e+00
4.856555782831628143e+00 7.168711322531084562e+00
6.241739798276116247e+00 6.930334556073409757e+00
6.829438676773943229e+00 5.201962312718932502e+00
7.937908015126239114e+00 7.554995557874558898e+00
5.550372027857627621e+00 3.154202887818008616e+00
5.715650332074480033e+00 6.190051512649969112e+00
5.547219665307586922e+00 5.823326605354529839e+00
5.339109594613420384e+00 6.735043306070016556e+00
6.050750244587132620e+00 6.758873367799038689e+00
6.974759707285249632e+00 4.265883490297748715e+00
5.385475414529219407e+00 5.502309813261639704e+00
8.050779992076037672e+00 6.118838185375889083e+00
6.648052005028330491e+00 4.500067468969350060e+00
6.114220479749413073e+00 6.780230706981404509e+00
6.687454208508111009e+00 6.497187850520340646e+00
6.010368462780818710e+00 6.049103621590486313e+00
4.649547437472553391e+00 5.281786312981981979e+00
6.184187732775135338e+00 5.428978516424408873e+00
6.549378113002093826e+00 6.372279149352475081e+00
7.090536557094816672e+00 6.764248618679967961e+00
6.181250743039248263e+00 6.596546549494753720e+00
6.801612180620145942e+00 5.595296951352698223e+00
5.737344371934362641e+00 5.922777072931418196e+00
5.620743949463893330e+00 6.810053999880876674e+00
5.499692876901772109e+00 6.998245853008221218e+00
5.707323098867285616e+00 6.376756629512848384e+00
6.132723234803144408e+00 5.221614148579786452e+00
5.984137085734072770e+00 6.266095058619705505e+00
5.948723818288622844e+00 4.929133800852074643e+00
7.356962960813209662e+00 6.069944107507646791e+00
5.366509551733310346e+00 7.292632170443646089e+00
6.492394912901419346e+00 5.042812836329825465e+00
5.166970540196419215e+00 5.822630650838705790e+00
6.237115095926279551e+00 6.496709637801785675e+00
6.757808182613528558e+00 6.430332188627732926e+00
7.074087810347347016e+00 6.101122995285008344e+00
5.394154939556742079e+00 5.997327537403602804e+00
5.944984958112225826e+00 3.943762365457837760e+00
5.552285798472500922e+00 6.250590983659937372e+00
5.661669851048389823e+00 5.484620255434640157e+00
6.726861693355288274e+00 5.269015305314320052e+00
6.567549654173895135e+00 4.937078994046051328e+00
8.201826320229098854e+00 5.827981520652648406e+00
5.742182035626585801e+00 6.911644194368914640e+00
5.666064890650386765e+00 7.160367469918064387e+00
6.296362053465059283e+00 5.905572584760379939e+00
5.820548119764805683e+00 6.963106666513982468e+00
6.183823461567973467e+00 6.344784796719644682e+00
6.431472249373276995e+00 6.106022322224309740e+00
6.414620448188844470e+00 5.905631984059477091e+00
5.960275475001610701e+00 5.107457737661704300e+00
6.237476599885710904e+00 4.628592129478084516e+00
6.226149750583352294e+00 5.776196664307094331e+00
6.298747727024900378e+00 5.163514317732857961e+00
4.309721394470219735e+00 5.720169835090691102e+00
5.165839686084751747e+00 4.579929504598362122e+00
6.612499670770895399e+00 7.277056318349647057e+00
5.364396971529814095e+00 5.939569508140931653e+00
5.754527739960563437e+00 5.474500184499604849e+00
6.529358960054540972e+00 6.805631237501597930e+00
5.307248427864838192e+00 6.035703500895244211e+00
7.024470312604274902e+00 6.549535991566902915e+00
6.668099717107091706e+00 7.091027088078536877e+00
7.080547265507728838e+00 6.820386715783673282e+00
6.115593818692383721e+00 5.694953351833158983e+00
6.082527966021499921e+00 5.573787695430843847e+00
4.442807787493664229e+00 5.777087480237191208e+00
6.285142548390856732e+00 5.531627394463091818e+00
5.846249832679440317e+00 5.877149097461750848e+00
7.082151604452072924e+00 5.713333322885279841e+00
7.081973439700892214e+00 3.836672231301585079e+00
7.074972925697992743e+00 7.034737148018267661e+00
6.719586887123419672e+00 4.395408906406988336e+00
6.812606177442785516e+00 5.960027802932987839e+00
3.982744663385071604e+00 7.035352526581854171e+00
7.151790110609081985e+00 4.481069753693280866e+00
6.139905848353086171e+00 7.107461110524194048e+00
6.981106528254519716e+00 6.666794627939272466e+00
3.888702031192187825e+00 6.581841717145005433e+00
5.826052765444984516e+00 6.794239187941397695e+00
6.204299774677785706e+00 5.984143561146627377e+00
6.511148370348062819e+00 5.862891696554219045e+00
5.980637825682138420e+00 5.557184993358363911e+00
4.719617318038390685e+00 6.452887555570498535e+00
5.357156171350025531e+00 5.839859855420633572e+00
6.228874067976454043e+00 4.336949292297163083e+00
4.515494235772566256e+00 5.760945600333861272e+00
6.362533917390855720e+00 6.593402504711853851e+00
4.730858283925143404e+00 6.507740975607860356e+00
5.804546444619291812e+00 5.295644132878501331e+00
5.482752015584662075e+00 6.639515691631092231e+00
6.218531392254130097e+00 6.040121614416830376e+00
6.194198318816591886e+00 6.740197872860820283e+00
5.922558920990317333e+00 6.043321646945633674e+00
6.907740091646426883e+00 5.735545413282258309e+00
6.492993696659716818e+00 5.598274023989060488e+00
5.668327918392821019e+00 5.917015846179936922e+00
6.410952250219058790e+00 6.952411449267594357e+00
6.076998997849923256e+00 4.803815589939794073e+00
6.503605562986880528e+00 7.957044616851776553e+00
6.086668064108065046e+00 4.637184353198609443e+00
6.135305472198052001e+00 5.997597319458535914e+00
5.930526952882820169e+00 6.754005035434996529e+00
7.099233389808342842e+00 6.545189017002750020e+00
5.893880457725534150e+00 6.897777219931350068e+00
4.808606646085644698e+00 5.428914462710258348e+00
5.517783355515309296e+00 5.975315527803105375e+00
6.404142676265364820e+00 5.839922795681559364e+00
5.277397506250371961e+00 6.777485007798100369e+00
5.812213142496548635e+00 6.081452204596296873e+00
6.439500215689189844e+00 6.031006563544847765e+00
6.034511036672865814e+00 6.821846849614471964e+00
6.120723662868321924e+00 6.688117685101352627e+00
6.434395700387217865e+00 7.608554516152032932e+00
6.326524800148003003e+00 6.508811107413038144e+00
6.878618586175291760e+00 6.050737898288015337e+00
5.491284736056353033e+00 5.621848517024217173e+00
5.629535759217482394e+00 5.242070201118612438e+00
6.253463283884892476e+00 5.497933491990989907e+00
6.155403501019463874e+00 5.873450310224633597e+00
5.966805069921904625e+00 6.443479079772914453e+00
5.567812153758212368e+00 6.509543073054672391e+00
7.249995397288769183e+00 6.273644242836221352e+00
5.376245071157295108e+00 5.509496698263218306e+00
5.801999664581253491e+00 5.525549415620966798e+00
5.209491095356550971e+00 6.123146440860982587e+00
5.823585619369892719e+00 6.151310560142656314e+00
6.946194960311562916e+00 5.811498454879085784e+00
5.054576588783393554e+00 5.681866090291980420e+00
6.614447228811650703e+00 6.539753383125808561e+00
6.413637413661862574e+00 5.501769534097627812e+00
6.599674659813826949e+00 6.779119008558689430e+00
5.445371356170337407e+00 5.966846060241863370e+00
7.611357416773310902e+00 5.409918459648336508e+00
4.640120084955793978e+00 7.102925733205316838e+00
6.906491164504847902e+00 5.635548915856533725e+00
5.909884196798266487e+00 5.023061641362513541e+00
6.070943261185147932e+00 6.929866306978618162e+00
5.567249313819278456e+00 6.699526531942240126e+00
6.369839710301513414e+00 6.460833809011637285e+00
5.613742609551316320e+00 5.717171969930351594e+00
4.527119596560535086e+00 5.548056784184357326e+00
6.927929667366695909e+00 5.258817626130299239e+00
5.377675888330984755e+00 6.510578904156905544e+00
6.321225026608765951e+00 6.550195596767648176e+00
5.072281616079125754e+00 8.044946435367721804e+00
5.030384422681244416e+00 6.123018863310636384e+00
5.873465421943175890e+00 5.053602379908321396e+00
5.704742071165718187e+00 6.018588813627062883e+00
5.481618423231269688e+00 6.747476126474867719e+00
5.871096520210349112e+00 4.930275792676099833e+00
4.862603583037287791e+00 6.483442716896664848e+00
4.814236389188647713e+00 6.252363395420020176e+00
6.354631624899718112e+00 5.206161310068685211e+00
6.710401911843986156e+00 4.629985742495684953e+00
6.236438743702611198e+00 5.967414041602902230e+00
5.905093999005261551e+00 5.060576793144632823e+00
5.252684671857121401e+00 7.291064202170320918e+00
6.969138355273750918e+00 6.591844359234217521e+00
6.749569263683992126e+00 6.674732169341337062e+00
5.742109520633445818e+00 6.037965878899173688e+00
4.825611270000456976e+00 5.928463881887624964e+00
6.943823735270443720e+00 5.473057567784798572e+00
6.815999092366027412e+00 6.073043563591624228e+00
4.895106384341628925e+00 5.116865087917163102e+00
6.733183556535906611e+00 6.440661709269190460e+00
6.081161222725613769e+00 5.781447848369964504e+00
6.167937013815020464e+00 6.702074099951296660e+00
7.177056433487302378e+00 7.215203647453602542e+00
6.296654010243168287e+00 5.862877086130751536e+00
6.116639072978208524e+00 6.416413429225747755e+00
6.413180657787767025e+00 7.043175569357990717e+00
7.687406137924037708e+00 5.836300609630690417e+00
7.719410889510762708e+00 6.934911190174478435e+00
5.919589331263509280e+00 7.195169877592179297e+00
7.344376981109718372e+00 5.632894596599482107e+00
7.381516126352256180e+00 6.857424764211147661e+00
7.889027721483593325e+00 5.661811002768141421e+00
5.718126979164507517e+00 4.383649831687975507e+00
6.455551705486179515e+00 6.299279007229205085e+00
5.550988345620035957e+00 5.934720523132319236e+00
4.954244879111047162e+00 6.955811367268953660e+00
5.609443618420804967e+00 8.467637093410296245e+00
5.859950414134380559e+00 5.394171320635022582e+00
5.671162563762540465e+00 4.873900425436806572e+00
6.384632564189955950e+00 5.665111939256443740e+00
6.902222729347784913e+00 5.780877062066227978e+00
7.104152096888858736e+00 6.604103520724768472e+00
6.022807158718523013e+00 7.260303417649647706e+00
6.759494971283085185e+00 8.349731377702918067e+00
5.673441840934493996e+00 6.061104637588939248e+00
7.251112870156218193e+00 4.768962243217316654e+00
7.050319102946855487e+00 6.350362833497217530e+00
5.291613741139218341e+00 4.912917279510186752e+00
5.463660736967608678e+00 4.177758173850743439e+00
5.609571249892381317e+00 6.496515437582797148e+00
5.620129764158277474e+00 7.107239058597517811e+00
7.323879569109008614e+00 7.017381310845136611e+00
6.183946040464404881e+00 4.145968349529068675e+00
5.438771000358260110e+00 5.886718169107128418e+00
5.287102124956197358e+00 5.888738386397083246e+00
7.284098018028211996e+00 4.687422470945884712e+00
7.444902293708125285e+00 6.705607352959960465e+00
6.213914434399911535e+00 5.430860120661598955e+00
5.302987031089235970e+00 4.703021466621875035e+00
7.369194268908477952e+00 7.226311316252273187e+00
4.878427556944055610e+00 5.559255418319926534e+00
6.345451572996102740e+00 5.761128587350203389e+00
4.469774403463512513e+00 5.475397947871115889e+00
7.556033721509643364e+00 5.529466712817274754e+00
5.869627772032434798e+00 5.086671776749914997e+00
6.468766246849087409e+00 6.091838509736395402e+00
5.408207359009389315e+00 4.959481238804427150e+00
7.120183717683382874e+00 4.719510115933719163e+00
6.401814674687559048e+00 4.282188713836469596e+00
6.564031718012147465e+00 6.773855072692549051e+00
6.873137071347228400e+00 5.871429316469622961e+00
7.263310966778647959e+00 7.840563081478403973e+00
5.743491723434547502e+00 5.640304101181188301e+00
6.118975277787126466e+00 5.619029549679702029e+00
5.502436700461009522e+00 5.571927941452785582e+00
7.368389171348690425e+00 6.615609071824193776e+00
5.616424789147719920e+00 4.041932253870141878e+00
4.768223174669520503e+00 6.401506334210607996e+00
4.307967937713689466e+00 6.233674933014748731e+00
5.150167124181232126e+00 6.073219051670087687e+00
6.050928145295879190e+00 6.096175656060474957e+00
5.685431621998066731e+00 5.659221345910365741e+00
5.425138656381194302e+00 6.385924924011816550e+00
6.642175770842777105e+00 5.027817013475985419e+00
5.958824074000992788e+00 6.156782654052588732e+00
6.146565379605954504e+00 6.133005940530551925e+00
5.679359956535482645e+00 6.222538758948275017e+00
6.492904464123255615e+00 6.112482795741506436e+00
6.403508768400683948e+00 6.789849417486073513e+00
4.523795498464059150e+00 6.752452970435935953e+00
6.273100862658449905e+00 5.113431015845770311e+00
6.640005024353611063e+00 5.682321954880775294e+00
5.791070505921370071e+00 5.595103549923782893e+00
6.241176077456835891e+00 5.373647108980867060e+00
6.718964768947280675e+00 5.889251117445621908e+00
5.709532863497115862e+00 6.600450716658667005e+00
5.745139745308654788e+00 6.756211777371103011e+00
6.781267487920853654e+00 4.935436559994333727e+00
6.884682694886056886e+00 4.833963464391283438e+00
6.934385832757163470e+00 7.617702053510740257e+00
6.697718070905357202e+00 4.279715214026511561e+00
6.848239380561277123e+00 7.791384404365892635e+00
5.758319239925273614e+00 5.972322610489395167e+00
5.052130749951066591e+00 6.248896751823044937e+00
7.012223361020302193e+00 6.556475353227596337e+00
8.505853727682328724e+00 6.026340486494103033e+00
4.699467891958196475e+00 6.136356699330913322e+00
4.072775841568748945e+00 5.574826703456642996e+00
7.295514518818187355e+00 6.259308061258548328e+00
6.143092620798393355e+00 7.452150620062065300e+00
5.784184954158740233e+00 7.006356021012681623e+00
6.103127871196025289e+00 6.303104189155766868e+00
5.029147049335547237e+00 5.615546959446302111e+00
4.885419134386062900e+00 5.924037955828421964e+00
6.311362651444214933e+00 5.114696894136690375e+00
7.634308278609087672e+00 6.221801505130411414e+00
6.046094463954972298e+00 6.613835141868320555e+00
5.338894222493872022e+00 6.130380317019592518e+00
5.428268373436800687e+00 7.243114231051406726e+00
5.155689611274078210e+00 6.050377169082241657e+00
6.262643494910169473e+00 6.314890503484233086e+00
5.536439963991293567e+00 5.285792756651777502e+00
5.547956484750852013e+00 6.421362244834297961e+00
5.885276814219659869e+00 6.635010751257651052e+00
6.380430971109786853e+00 4.184064245937647364e+00
6.197390132130876417e+00 7.794834417318039499e+00
7.056959037358536690e+00 6.336573636684563304e+00
5.155089236008775444e+00 6.380869617145051187e+00
6.589982376580184820e+00 5.797626114266898334e+00
6.252615407643150824e+00 7.204020706219940173e+00
5.316286798720311069e+00 5.155960572067893821e+00
6.552457489449494688e+00 6.364909920689322043e+00
6.820542767119724736e+00 6.454435058640210165e+00
5.547190931111033230e+00 6.344692218148762386e+00
5.089104985287216998e+00 5.800360066977462203e+00
6.401004000455974285e+00 5.712474414788451860e+00
7.968377709142491661e+00 4.490901722503286564e+00
5.563352905401993453e+00 5.252080270278098872e+00
5.441441720255982162e+00 5.487181276299236465e+00
4.942122483569276525e+00 6.600312319788727677e+00
5.563667982424703951e+00 6.130456766636067201e+00
5.653207763082326309e+00 5.448993172422027520e+00
7.333714576813054720e+00 6.736078089268723978e+00
4.510029872966292430e+00 4.425540522981558311e+00
6.831525364900393527e+00 5.585394573374784954e+00
4.684785949815656103e+00 6.834018721070904689e+00
6.134883700065928203e+00 6.200638754404836916e+00
6.645642368976250047e+00 4.955236904464779712e+00
4.698807961848349812e+00 7.260879010446613435e+00
4.853797729021346541e+00 5.025212816666883242e+00
5.184563833525493770e+00 7.658846284487904832e+00
6.393494391077164885e+00 6.769954359469880778e+00
6.156452050225899697e+00 5.519969075825592597e+00
6.503481935630143873e+00 4.758531849256376844e+00
5.126464364156374742e+00 6.584579213762616234e+00
4.917530609274734843e+00 5.849199400324718745e+00
5.885542736231470506e+00 5.578369326818965135e+00
4.443899143850860156e+00 5.498402173598675446e+00
5.342052256596026893e+00 6.128755230764778794e+00
6.088120954254170769e+00 6.301440511676108969e+00
5.460871888775482574e+00 6.416937888079238483e+00
4.759017742769044546e+00 4.546952657745647386e+00
4.137280353538856481e+00 5.601788988220680388e+00
5.399212284164517150e+00 6.629513130653929665e+00
5.482663702860558708e+00 6.218029389076413338e+00
6.648638980891269590e+00 5.452631034467650295e+00
6.237709449889170088e+00 6.799080290011278116e+00
5.012511962362413698e+00 6.019820808074094032e+00
5.456048260881842360e+00 5.063293831079298535e+00
4.774613689722819743e+00 5.050406581443727561e+00
6.047875712545709881e+00 4.715282301544038823e+00
5.560771524263700805e+00 6.648557496139495093e+00
6.358105544898128514e+00 5.576897365849780464e+00
7.347600739139218184e+00 7.509777915786290059e+00
6.020833762074245143e+00 4.031230909672959939e+00
6.706980542745215601e+00 4.170455257982909281e+00
7.177289978185797281e+00 6.864205538254662287e+00
7.415010739875009804e+00 6.207572970797443190e+00
5.711779315833020121e+00 5.641024997447521727e+00
5.564334031593237029e+00 6.782444424366669722e+00
6.568067131195904906e+00 6.095885110786285921e+00
5.424029362621292982e+00 8.096910095057872070e+00
6.727657974755398840e+00 4.725756063361719050e+00
5.588263635064939727e+00 6.743131491812309974e+00
5.362333340649076519e+00 6.280374609106617712e+00
6.758300921265750105e+00 3.297582946197128440e+00
5.913835290216572282e+00 5.945136342865684043e+00
5.671354502891119864e+00 6.240614839046066287e+00
6.524400151681428284e+00 6.113291734422965362e+00
5.701856583579639093e+00 6.504542680981349356e+00
6.039122202548347751e+00 5.816006503390187987e+00
4.953400779421688327e+00 4.753715635127456096e+00
4.938287014921491469e+00 6.221979390815574718e+00
5.936931299436864151e+00 4.819409798913913079e+00
6.515147232049863568e+00 7.096070914011288089e+00
5.522675613307270304e+00 4.611492129404950902e+00
5.434441224923929781e+00 6.681469080448307452e+00
6.437476141757844772e+00 5.264320280420897724e+00
7.213200170281457879e+00 7.075311310903051876e+00
5.415396154907686999e+00 5.407194270931968916e+00
5.527194236128170957e+00 5.595380302984527709e+00
6.758094921967426671e+00 6.339218209290959472e+00
6.699508021419564585e+00 6.537197156142060983e+00
7.367409039019946704e+00 5.155094489153905890e+00
6.303352278400157438e+00 4.266284102402315703e+00
4.949671317872558873e+00 5.940301207004920592e+00
6.333537751060953624e+00 5.918797568992346214e+00
5.547639664175656904e+00 5.689422502847430785e+00
7.092188046666073831e+00 5.693717829803032870e+00
7.395095387984834012e+00 6.633262748450016844e+00
6.364905701647163738e+00 5.048055155035447328e+00
6.745892636668330944e+00 5.606196738598758778e+00
5.047382947775520101e+00 6.409014826967520229e+00
4.893053353254868121e+00 5.392079667584462221e+00
5.991932125752271077e+00 7.769286448703191184e+00
5.452155156403905245e+00 5.634552628568319399e+00
6.584076662115759149e+00 5.012405958076420198e+00
6.353157123720190924e+00 6.961778468081359250e+00
5.755078628398009322e+00 6.818402150564671693e+00
6.232443842278529544e+00 5.417249724143032630e+00
5.842242259995150455e+00 5.697127196790060744e+00
5.930104722097819803e+00 6.121799089490801649e+00
6.469114733008449747e+00 6.405684795096690642e+00
4.060603895187022694e+00 5.922392536480798775e+00
4.796171138749283358e+00 5.780095663508443060e+00
5.901272482395081731e+00 6.778520277125591242e+00
5.975981620418295392e+00 6.206737512597474193e+00
6.632496554578091619e+00 6.979185204420685018e+00
5.901891108140533859e+00 6.075112153218622524e+00
6.007994014408489569e+00 5.567254001240370620e+00
5.386597547456081436e+00 4.188073320407962541e+00
5.141316622443736328e+00 4.581465452760149049e+00
7.001074748393284253e+00 6.150269866029813848e+00
5.899558255353872127e+00 5.427774721664924584e+00
6.023750242546639377e+00 5.323699595577389587e+00
6.138787279416303200e+00 6.195983414712157966e+00
5.313009469189676537e+00 5.297793734758709405e+00
6.767395347218778667e+00 5.957841914169221376e+00
5.377102634045217933e+00 5.704505297500002570e+00
5.194007773584723431e+00 5.946418206410929663e+00
6.663259324452241117e+00 5.977931453118456417e+00
7.885099276511604138e+00 6.336052368443938043e+00
6.183398557173873655e+00 5.275590005498017376e+00
5.809759322339033361e+00 5.378702972821440831e+00
4.272804836058964106e+00 6.777016002621697233e+00
5.592096196295143429e+00 5.393548253507471912e+00
6.167938653826494644e+00 6.408740423643280337e+00
5.744168281654334685e+00 5.997925058244286234e+00
6.595116533587022545e+00 5.712730124706858703e+00
6.241124155434559562e+00 4.676681091118149780e+00
5.009994738347581134e+00 6.482944003272927525e+00
4.968331379239654844e+00 6.186734758660866973e+00
5.882762152181729931e+00 5.709321690836843821e+00
5.339265328734978944e+00 6.725237754111299537e+00
7.379662558318845988e+00 6.239416153992191738e+00
6.257200208612392345e+00 5.455811991437229835e+00
5.046061041155527782e+00 5.968306515166329262e+00
5.223392797313415770e+00 4.586267223724298958e+00
6.640782572974393005e+00 6.679639645605458753e+00
5.315039159787612100e+00 6.194572033480377549e+00
6.799100004346029458e+00 6.163517596385388764e+00
5.048407879764251760e+00 5.814257491586809934e+00
7.058187547854582355e+00 6.197014367174880078e+00
6.429981027884653422e+00 6.272463988014373548e+00
5.317692916265169600e+00 5.504849249435425307e+00
6.270259529497908879e+00 6.651490359319311096e+00
6.877221479817405836e+00 5.315623940784247381e+00
6.345432244896950458e+00 6.946718706395204279e+00
5.212759856649204160e+00 7.185744751391648144e+00
7.307125762727266327e+00 8.093619200067854180e+00
6.184179346165464608e+00 6.188558842473816490e+00
6.659563575213279130e+00 6.636281926788909047e+00
6.898325990618819681e+00 6.625300164545667059e+00
5.915411068273704664e+00 6.974595233795811922e+00
5.145628765767644275e+00 6.004667490112068684e+00
7.247146373884083559e+00 5.002874673577574427e+00
5.459684040993384002e+00 6.535747340941052919e+00
6.314161731694769131e+00 5.302129622799245823e+00
5.668067391949287881e+00 5.058275546922861743e+00
6.781978935089290950e+00 5.795923617721592258e+00
7.429321377987255559e+00 6.064680930866772179e+00
5.824747662090495659e+00 5.747321026197020011e+00
5.805240134049854284e+00 6.088384587220135202e+00
8.003753042834551579e+00 5.729744846582483397e+00
5.755669945861480841e+00 6.052313911605811114e+00
6.869540786287367418e+00 4.866703728879739010e+00
6.362956020693316894e+00 5.348068283581330462e+00
6.441258752894132300e+00 5.606205220777905396e+00
4.162379337918322264e+00 6.294754025124021268e+00
6.288028478831394708e+00 5.538158561143370129e+00
5.490893331137659317e+00 4.954123879946550346e+00
6.616580436516382946e+00 6.703605010203815162e+00
5.298919131434689511e+00 5.569379058430619089e+00
5.949524205291072398e+00 7.811112678994291514e+00
6.434758026774546558e+00 5.247585572309932722e+00
6.242277855380383933e+00 4.902029316694289207e+00
6.572628136307247182e+00 7.336321072873346338e+00
7.339706077824843078e+00 6.586109159785104694e+00
5.534703567129766633e+00 4.962474927498000454e+00
4.883276287494639156e+00 3.761921224712242662e+00
6.553379797679523833e+00 5.917984252044906412e+00
6.725138977094637482e+00 7.138916496064607209e+00
6.079678965887824305e+00 6.116410658177553472e+00
5.629684565589518463e+00 5.723982800222534806e+00
6.580986069831475938e+00 5.860928417448606709e+00
5.745577672626638766e+00 5.985391517210049805e+00
6.706886431911375901e+00 5.447572632284917837e+00
5.946940647400168700e+00 6.195619619352428664e+00
6.925326842406036576e+00 5.809150533885365064e+00
5.427504992650183269e+00 5.613701325786582430e+00
6.839858570462455489e+00 7.621648381046944642e+00
4.952221669261872350e+00 5.126449878404349292e+00
5.865377306561161852e+00 6.088492256268458469e+00
6.627642057880830606e+00 5.289283118630224934e+00
5.152124843552481792e+00 6.110130440557221654e+00
5.793914317799139901e+00 6.739099832548797409e+00
6.388690393112073984e+00 6.442938903751884716e+00
5.916671634939415725e+00 7.878676515207486020e+00
5.331859972523581348e+00 6.487147099216385548e+00
4.987367655323183158e+00 5.143863381997759276e+00
5.515615777104182271e+00 7.299455400447421027e+00
6.210467152280078729e+00 5.529068357537657796e+00
6.298629065790781745e+00 6.028031946333111790e+00
5.607630089721094890e+00 4.886128450819467339e+00
7.147299469823272133e+00 6.167338977068832051e+00
7.733649795028563645e+00 6.749946913855428221e+00
6.439701180000882985e+00 5.652905839860322246e+00
5.126414827357448800e+00 5.826350180299065151e+00
5.103328326312242424e+00 6.518554778275797545e+00
7.302110549518189053e+00 5.791911251972472030e+00
6.753272151183400851e+00 5.450310188708346715e+00
5.758769694429938468e+00 5.350031189566159640e+00
4.298734707839630964e+00 5.970863082985901293e+00
6.102445782471098923e+00 6.850069964530186795e+00
6.634396199896748669e+00 6.645174711328804662e+00
5.223164241304508515e+00 6.366468853937850447e+00
7.262186718217169101e+00 6.302960940266697953e+00
7.458382011917402465e+00 7.610212262632124691e+00
5.785885013834400681e+00 5.444160594046831392e+00
5.392701190210710038e+00 4.790816509549089552e+00
5.586551403203140254e+00 6.963165109926503504e+00
4.242185289081940702e+00 5.172586316066452916e+00
5.898607210301018533e+00 5.300407095066576701e+00
5.579466793101236277e+00 5.591395061204105232e+00
5.794600603655311488e+00 5.418228522885415899e+00
5.353022590441157469e+00 6.745152185414643675e+00
6.837144328181061326e+00 4.898957336941363039e+00
3.799102447652173531e+00 6.848087153678851458e+00
5.019978843932824120e+00 6.169673153904279062e+00
4.751309377942019907e+00 7.035015387156756006e+00
8.028684490799262718e+00 6.145796368386311492e+00
5.924949092676138562e+00 5.743079841017030063e+00
6.623518557869772394e+00 6.452754586941350290e+00
6.800333153956175991e+00 5.499209581068233987e+00
6.271258491450012684e+00 5.567358397802844472e+00
5.156426302789402172e+00 5.967288438625567792e+00
5.264256441598472946e+00 6.936097735538117703e+00
5.312581447281559122e+00 6.289943515396710261e+00
5.518744777509103194e+00 6.220969453531644433e+00
5.582090207701887685e+00 4.997319964735758901e+00
6.385829556780296734e+00 5.812245921745769373e+00
6.228085283820837148e+00 5.657979324223390449e+00
4.940913546448344462e+00 6.863881493599323314e+00
6.587595980866926659e+00 5.547824250124074652e+00
6.055651922354589267e+00 6.831055330968324846e+00
5.635492280506674057e+00 5.759234130043504152e+00
6.194307391752106540e+00 5.633855141931834787e+00
6.683567711291031443e+00 5.865294367190582392e+00
5.374697686451729517e+00 6.485415630296822442e+00
5.089101710467906159e+00 7.606952265799654000e+00
7.262108876505211974e+00 6.409534716402806254e+00
6.342409945494000389e+00 6.305013470666665398e+00
5.609925883580468842e+00 6.237117222838656438e+00
5.263762060587364289e+00 6.401816846277980311e+00
6.692145243082701533e+00 5.698460081731411719e+00
5.525380737603962089e+00 5.032997452262898186e+00
7.162781971686489335e+00 5.588735766233086544e+00
5.841497075609579426e+00 6.239386981780271846e+00
6.225072726425224801e+00 6.595413768580141500e+00
5.697468082726686589e+00 5.091863371309924169e+00
4.952295445747548541e+00 5.538019051444096341e+00
5.240858329383669911e+00 5.757852625988187256e+00
7.042850310288667259e+00 5.699104412802252995e+00
5.698807204060898357e+00 5.986921271004105982e+00
5.676496632963573319e+00 5.946252592577109475e+00
6.431366455198545218e+00 6.705626998843674968e+00
6.800105651777472282e+00 7.640428063651920176e+00
6.454088633297454081e+00 7.782092977058299610e+00
5.380722379557478341e+00 7.667889607455414591e+00
5.696633745587598163e+00 5.775077779608119855e+00
5.904396490485816607e+00 5.825640585032957119e+00
6.068461406398522939e+00 5.537402734432795626e+00
6.661930510492351409e+00 5.559090295247243851e+00
6.522877475239237555e+00 7.218425258611908646e+00
5.715195509368667715e+00 6.633554923887354349e+00
6.445953569402489869e+00 7.796774133103776983e+00
5.597375923455220281e+00 6.634103792035079827e+00
4.703186257196659170e+00 5.604531602041194382e+00
6.281845979232051569e+00 7.111104962921974249e+00
5.022265442398882840e+00 6.626941077559539650e+00
5.949576575676952750e+00 4.786516290723054290e+00
6.144823315492526916e+00 7.363129554775161623e+00
5.106414765268201705e+00 5.912319946115073499e+00
5.213112997237812962e+00 5.626284968892760752e+00
7.142217253958683898e+00 5.783447558810944855e+00
7.117808924578938878e+00 6.884518277976789058e+00
5.710700921032164423e+00 5.599155324993763116e+00
5.285402435389957354e+00 5.257582231970971520e+00
6.281698080396905581e+00 5.984220360607484857e+00
5.502647858804285974e+00 4.764794993151418190e+00
6.084682131630065882e+00 5.625511952624693279e+00
5.844241692538536093e+00 6.242980904842168499e+00
-3.642987038314924320e-01 -5.944163801061801422e-01
-3.243438468538784036e-01 1.470236348756942313e+00
-3.630748441117948033e-01 -6.303823041305065544e-01
-3.085389548248738123e-01 1.090409295252498190e+00
4.440898602162999254e-01 4.249631971806051567e+00
-5.406037758076000621e+00 3.999804857676149794e+00
4.127095351340688723e+00 -2.581103741628469894e+00
-4.457765398097919274e-01 -7.375381375507741311e-01
-3.377881987750436465e+00 -1.238437834964202011e+00
-5.467346733949746351e+00 -2.666135126619186835e+00
3.800186105408617010e+00 -2.585252378845229515e+00
3.818480024978970988e+00 3.791935752531703230e-01
4.558352128333918785e+00 8.973546511729821873e-01
-5.643981323223122182e+00 2.105042490565070423e+00
-5.461757183717176112e+00 -5.928357722023918086e-01
5.153120333677367881e+00 -4.017552727945798097e+00
-1.321531764701470379e+00 2.758323706181741386e+00
4.587102673138170772e+00 2.051316056910094332e+00
-2.901920949705969477e+00 2.095294234994593552e+00
-2.439268306750919990e+00 2.621150757824823430e+00
5.448397531020486184e+00 2.656721413275459298e+00
4.354566034948948783e+00 -5.974753881889398599e+00
2.610865496779132044e+00 3.955050682383003391e+00
-5.513295149463822931e+00 4.459172727458767582e+00
-2.919669260279449841e+00 1.983505223736662160e+00
3.604258548280879992e+00 1.951974156712266151e+00
-4.892582495120913144e+00 1.155858226324419924e+00
5.950038806657236279e-01 4.803855216891257385e+00
-1.149123244269489419e+00 -2.147026834955398478e+00
2.998209173237594172e+00 -1.047896086999240417e+00
1.753154100060756448e+00 1.757401081495283179e+00
4.656468772321414207e+00 1.184308827829168465e+00
2.584331954384211372e-02 -4.333544083241795519e+00
-4.611148719855535205e+00 -4.148141216603047354e+00
-3.937818224074865814e+00 1.654525111963606854e+00
2.891775003294942081e+00 3.598982751170245464e-01
3.948212790545891693e+00 5.895158720803598484e+00
3.840151549432272660e+00 2.338588484111509658e+00
3.899123932457593256e-01 -6.137631399035008428e-01
-4.987291433465491863e+00 -1.207575019263709137e+00
4.921615641385610473e+00 3.696271558878635233e+00
-3.407383619859753576e+00 -4.007065836334096076e-01
3.800678430702534527e+00 -5.191385342573729744e+00
-1.351288971976088327e+00 4.222094842487372546e+00
-1.153225629958514631e+00 -5.068624263222709203e+00
5.104124223870174504e-01 4.340909939019544694e+00
1.083426515437916571e+00 -3.284650701429218334e+00
-1.389124558351424454e+00 -5.985196658168137063e-01
9.511962458463223413e-01 3.112212309031356483e+00
-4.813516588312374722e+00 4.675824396210796152e+00
-5.852283563807093358e+00 -1.559371983908937054e+00
-5.670956280328107724e+00 -1.284309295856504995e+00
3.097511864798851988e-01 1.401766389781409217e-01
-4.012459835660815877e+00 1.748886121147346984e+00
-5.462658593943981344e+00 3.142881841588984315e+00
5.359733207922555920e+00 -1.922774074186585302e+00
2.068725805719831001e-01 -1.453076663294227799e+00
-5.919475316351280547e+00 -1.369505965258609237e+00
3.500643111136158225e+00 1.151866106201781648e+00
-4.784881024618092837e+00 4.165673876325421077e+00
3.730241386229140588e-01 4.100680340936113666e+00
9.626582254203519540e-01 7.162613380552791398e-01
-4.736889777635851395e+00 -3.991683202336464564e+00
5.664303077959093713e+00 -3.258159038942750829e+00
5.729425415884414008e+00 3.829524782911608582e-01
-4.370531435232754447e+00 -4.808373566955684630e+00
-3.493631151531120249e+00 5.107647960304028345e+00
-1.030197308061278960e+00 -1.254788784085027586e+00
-2.241524867157911771e+00 -4.235257793200939425e+00
-1.457856336911227402e-01 -4.439426609866336193e+00
4.025762836587931659e+00 -1.555236164696322199e+00
-1.502357186618443308e+00 -3.119228582021289498e-01
-6.704674420109810740e-01 5.938295676711858206e+00
5.445734546196305814e-01 -4.941579554521551287e+00
1.282528098923159554e+00 -4.180988485561440982e+00
-5.628748263223895876e+00 5.648905844126977271e+00
3.282466698414767237e+00 5.761307908965203950e+00
-2.654586237330907039e-01 3.870903737877133821e-01
-3.979956528970437279e+00 -3.037110879988973000e+00
4.062590578833937371e+00 -1.725772234588870191e+00
3.921779685557027051e+00 2.508164691444381589e+00
-3.873948896737613889e+00 8.935639343690571224e-02
2.128647858224601563e+00 -3.179553422354098657e+00
3.968262126240922782e+00 5.379318905422412200e-01
-4.017095394688761090e+00 9.958131139752293137e-01
5.996565649870968073e+00 -4.193742100039036913e+00
3.801083161434338109e+00 -3.512291961749304470e+00
3.388659953521047541e+00 2.814935077456958368e+00
-2.394127372794811581e+00 -2.090122589226602212e+00
3.510256703555029389e+00 -4.626538573522482878e-01
2.769816344541705888e+00 -4.224190231609982860e+00
4.230693382818643045e+00 2.530616600187830301e+00
4.883313706018007849e+00 -4.411531451580330554e+00
1.116174004327172398e+00 1.189447020483902051e+00
-1.758471113438610622e+00 -4.984029051689065071e-01
-5.544221240521758354e+00 2.950320463524143122e+00
5.918697528380878481e-01 -5.307107377569915130e+00
2.169070715525826643e+00 -3.986150732257449647e-01
-5.586464886899999982e+00 5.635292722177144498e+00
5.389345717073286579e+00 1.548289937663707150e-01
