-1.344704182129757841e+00 1.056755758862232275e+00
-1.398417548626001983e+00 1.218768618126208736e+00
-1.902009437039412221e-01 -1.525938105725242133e+00
1.311789481438744076e+00 -4.230086168858139928e+00
7.996530733296949300e-01 -2.970132113380123062e+00
1.260191331943826931e+00 -6.054143693835365436e-01
1.269286048273149836e+00 -5.649758111895731849e-01
1.623185493304378335e+00 -8.072998322521286463e-01
-1.413003676363929983e+00 1.393217168123448424e+00
1.236069104315897782e+00 -3.874331107114166173e+00
-1.421070445845937558e+00 1.611587326094937378e+00
-9.303441415982003360e-01 -9.776203007047464810e-01
-9.704145521150936426e-01 1.052640054625933796e+00
1.143087135690522338e+00 -4.036103853341585501e-01
-1.246096721639345706e+00 1.393991168185347851e+00
1.553319028507202493e+00 -4.692645980188568267e+00
1.574261006148010456e+00 -9.827721695149707060e-01
-1.326095153839510932e+00 5.158976345107486178e-02
-1.447420970470016943e+00 1.690154718887367347e+00
1.228468456796006247e+00 -4.142235844612585649e-01
1.333439835359090164e+00 -4.329666907322623493e-01
2.837844157498167763e-01 -3.095475674139498423e+00
-1.591685664871111294e+00 1.726758888165998318e+00
1.448329293054041234e+00 -8.159159838022804756e-01
7.909625726667741663e-01 -2.571511959840667938e+00
1.126121616085673294e+00 -3.094722925402351721e-01
-2.298722638589505873e+00 2.713411211147855884e+00
1.584743641478568055e+00 -9.464251782099787347e-01
-2.729458731996373011e+00 9.199301659652081575e-01
-1.176412393153438707e+00 1.069395315554460213e+00
-1.392554187998622073e+00 1.572308824417479212e+00
1.081416760350673467e+00 -2.537680050872160309e-01
1.532068816019688251e+00 -8.581704072697764474e-01
-1.719276833251590197e+00 1.876745716167445677e+00
1.445417140312635684e+00 -7.842491009441011629e-01
-1.174543653160554646e+00 1.150401887434343351e+00
-1.488077180269611333e-01 -1.426359435375738505e+00
1.056361279528500896e+00 -3.293001897430448910e+00
1.346313984725243218e+00 -7.367207709604502996e-01
1.335124641307970039e+00 -5.097914644480577850e-01
-1.375544601476091255e+00 1.379798247005053824e+00
-1.324389503139931978e+00 1.635349463679510285e+00
-2.053993381935844909e+00 2.132604968140026980e+00
-5.696326587137531816e-02 -1.963633419484684728e+00
-1.564677616143407723e+00 2.024694440212798430e+00
1.404982202209636988e+00 -5.652743946640881312e-01
1.327057684273659888e+00 -3.719762841335194636e+00
-1.209164729192624632e+00 1.403928416329034645e+00
2.317744743805083996e+00 -5.522308250420305598e+00
-1.053322909622300907e+00 -1.140703429963548787e+00
-1.884893829875406546e+00 2.302607872773475339e+00
-1.961338935547941809e+00 2.279508853894576692e+00
-7.385497325429926097e-01 -1.191794529498725108e+00
1.400054654335102455e+00 -4.438770710026505917e+00
4.627067094047971341e-01 -3.285334157533774668e+00
-1.451036303726860766e+00 1.989676757612565572e+00
1.705289813249238451e+00 -1.228080951474812110e+00
-2.027083829671321613e+00 2.564720995892504796e+00
1.654983389717931574e+00 -8.788265930766865353e-01
-1.433017215978678705e+00 1.423738681267747275e+00
-1.202516308822742408e+00 1.361639283979367177e+00
-1.640916257506467968e+00 1.673990345189328988e+00
-1.087685708774559945e+00 8.434416398569236639e-01
-2.221097442214662987e+00 5.411658900324567423e-01
-9.063250109817645450e-01 8.477807915228038338e-01
-8.063109340301858330e-01 -4.285990103168567655e-01
1.625539125169288779e+00 -8.985769400814265229e-01
-7.406958014343345553e-01 7.053541933888034521e-01
-1.663775505093203044e+00 1.990189153114302334e+00
1.232157844102644617e+00 -3.778111127875682373e-01
2.765104709927681981e+00 -5.918405049178220523e+00
1.075664544225647834e+00 -1.379609256058761946e-01
9.339076252126491395e-01 -3.373535494279956026e+00
1.358156552809046014e+00 -7.035114264398690809e-01
1.237946891445249831e+00 -4.712601097144478168e-01
1.373323868310816431e+00 -7.353778072159130597e-01
-2.824933142710049694e+00 3.743281663398733361e+00
-1.672294199469714027e+00 2.163276789029367375e+00
1.309557894203704054e+00 -6.350040570991818401e-01
-1.437410927608727684e+00 1.305095692438584587e+00
1.033000336805641517e+00 -4.297904054391654335e-03
6.162912255484354063e-01 -2.510514168615066044e+00
-1.564321548279033358e+00 1.879884538631209523e+00
9.125606325956071574e-01 4.442286515006656916e-02
-1.648899424200420238e+00 1.637194238969660542e+00
-1.368336018868865800e+00 1.064881350654543340e-01
-1.486065196347484685e+00 1.346146358053868397e+00
-1.897090372604205710e-01 -2.049648695542442667e+00
8.601992297837079970e-01 7.657278918386456468e-02
-1.702863732299786603e+00 1.971061907412363423e+00
-2.318688016427252752e+00 2.403638646024030656e+00
-7.523981352653535959e-01 -8.365665212308417420e-01
-2.303237717336297674e+00 2.720459920248384567e+00
-1.787772324987211503e+00 1.567801564441658080e+00
1.376954458706131312e+00 -6.460247299031801615e-01
6.136039915359300934e-02 -2.394910897921316728e+00
1.694868056313937776e+00 -9.686111284960274848e-01
-3.047897566426440580e-02 -1.752719400414554984e+00
-1.198648119719798455e+00 6.350351180405623408e-01
1.441686152194101789e+00 -6.872646228505315813e-01
-1.471914927158373028e-02 -6.544478108363877000e-01
-1.653764059128541186e+00 -2.226124599608782506e-01
1.345440018150574790e+00 -6.147433496585162915e-01
-1.944437146943197137e+00 2.277663362168440564e+00
1.299315636554486453e+00 -3.634598514497359711e-01
-3.257426427297427374e-01 -1.106199191609465116e+00
-1.711074989295634508e+00 1.631622403982765812e+00
-1.001490444610078301e+00 -1.251701891936568112e+00
1.267463720344109479e+00 -4.670457711691968772e-01
-2.170627977581036649e+00 2.809997384845067891e+00
1.415508759609020561e+00 -7.524216453857454079e-01
-2.257551428051136067e-01 -1.760907462796226230e+00
-1.195081538407542165e+00 1.101733330808269962e+00
1.398623820868528211e+00 -4.001435668549996327e-01
2.356821151512314749e+00 -5.644692106322617420e+00
1.471782276761910202e+00 -7.700853015390750622e-01
-1.700909278024124727e-01 -1.404669758429955451e+00
1.169050432263469830e-01 -2.544432063169878244e+00
4.940475367445997801e-01 -3.763817656428110503e+00
-1.489679889165546056e+00 1.581403371071132158e+00
-1.640638493293585576e+00 2.011434977245120770e+00
1.258478538262414625e+00 -3.585407220421240049e-01
1.419264408915116071e+00 -7.246039500679403167e-01
1.132822714452102364e+00 -3.340270994337945498e-01
-8.571283270688324629e-01 -8.714259274149197543e-01
1.406285386022878559e+00 -9.161916391042348451e-01
-1.692888371849498474e+00 2.168822735855262973e+00
1.544678512165813089e+00 -8.603083483474093240e-01
-1.899676185588543120e+00 1.939423213966080972e+00
-1.870488666670536482e+00 6.801765094803861877e-02
1.257560701293650052e+00 -5.149826500150973541e-01
-1.749432565699803988e+00 3.086580529844908799e-02
1.506215235888546111e+00 -6.292083128829989436e-01
1.271632693258362812e+00 -5.106990697793121203e-01
-2.028201584688985371e+00 2.054860319739175711e+00
1.499607858517393089e+00 -7.868095217117936357e-01
-1.946009931794756009e-01 -2.063048460408582141e+00
-1.144749867041659819e+00 5.564385385514114372e-03
-1.754178572270860048e+00 2.092724418590395263e+00
-1.599995430113589245e+00 1.707604539952115585e+00
1.491435797266857710e+00 -8.256235641517322144e-01
1.358170648815062886e+00 -3.892331999649431218e+00
-1.727793438172568141e+00 1.662695572362051122e+00
-1.946717600087013000e+00 2.111918216243363844e+00
-1.800151018611549691e+00 2.076530633007206195e+00
1.400091661457607106e+00 -6.245755316070630281e-01
1.023674659407378895e+00 -3.180610216050293593e-01
8.237262086420759077e-01 -2.761859053731772207e+00
-2.084402812893685564e+00 2.568565990745730776e+00
-1.686868999226196708e+00 1.816656722697209014e+00
1.214329120978119958e+00 -3.313307457413361967e-01
1.532037068941484614e+00 -9.298413401773499842e-01
1.369109986586039662e+00 -6.599465298398996538e-01
3.274748231859301861e-01 -3.224502131620738954e+00
-7.810309654810555502e-01 5.309138797483594630e-01
-1.085616744566625824e+00 -5.678664927117095251e-01
-1.553489816519715738e+00 1.840723128639733641e+00
1.506369458088377522e+00 -7.633366410981464734e-01
3.032466813281668727e-02 -1.343792194662378092e+00
1.142149908964940952e+00 -3.376066692944069692e-01
-1.748070305184303619e+00 1.654266011809599979e+00
-1.129380059385718393e+00 -1.045607055256842610e+00
-9.709975594221171846e-01 7.636132080813246015e-01
1.503990724332309847e+00 -8.749839320003639509e-01
-9.375098542009933089e-01 -7.152647333315869105e-01
1.261743589514927821e+00 -3.775337029637961805e-01
1.188913194778320248e+00 -4.065688821330433633e+00
2.168985310851353709e+00 -3.222291723558423637e+00
1.230156343001892250e+00 -3.699813282225473121e-01
1.454098830828723266e+00 -8.116779021747495548e-01
-1.731240195358584089e+00 1.898556232904786700e+00
1.221812688203397279e+00 -4.723507698657701814e-01
-1.137274184878536598e+00 8.922930257450548686e-01
-1.847839701041822380e+00 -3.875542553880961805e-02
1.324283524848224536e+00 -4.402082638542573534e+00
-2.011099494508431285e+00 6.151207671095650920e-01
1.381513178041347878e+00 -8.035153689908102193e-01
1.481221162013063974e+00 -8.854740458929523106e-01
6.610270409668737024e-01 4.175341898183398959e-01
9.813912895127203662e-01 -3.509572165218309281e-01
-8.511409614125113599e-02 -2.777574871128471123e+00
-2.100147898214222320e+00 2.285362129957500432e+00
-1.234036855818707368e+00 1.183124521629950188e+00
-2.202234424250571199e-01 -1.781135895076106923e+00
-1.556123967645184791e+00 1.214301644693300153e+00
-1.648082623307446093e-01 -1.078903665361930164e+00
9.584299180955517805e-01 -8.457077512281001297e-02
1.277845568450599156e+00 -5.609648830256364072e-01
1.511665892491751650e+00 -7.963967454666099899e-01
-1.506942377532475064e+00 1.798426734920521186e+00
-2.013638022595589216e+00 -4.445706152640768738e-01
8.499765768895873874e-01 -2.531995958569807748e+00
1.143612200636923149e+00 -3.150845478043807213e-01
1.483402454737465570e+00 -6.605336111168252922e-01
-6.455828201501755403e-01 6.239983887600223378e-01
-1.447499742457228900e+00 1.461524697611882972e+00
-1.610414384828813494e+00 1.878925778718935735e+00
-3.235602912563015354e-01 -2.144800093270702313e+00
1.128649408044633873e+00 -2.078255461034318741e-01
-1.436303305212903725e+00 1.995257211884710502e+00
1.234367240451911263e+00 -6.014779801342339249e-01
1.364682599162723164e+00 -5.614559778316214889e-01
1.561879163099384238e+00 -8.800880309435936688e-01
1.387183448462137259e+00 -5.107917391622213144e-01
-2.847231771766648212e+00 2.056009438641265064e+00
-1.749787154762164176e+00 1.965629318260678771e+00
-1.671243359093567138e+00 1.676034138327896938e+00
1.375136209163774215e+00 -7.885545323480850355e-01
-1.535305609848407915e+00 1.953496383899440136e+00
1.365365616568420815e-01 -2.014827059243558427e+00
-1.789634772633955206e+00 1.641085977850321287e+00
-7.550287302591064398e-01 -1.619030723873470912e+00
1.954526861268533200e-01 -3.044657131022289409e+00
5.587458865582465295e-01 -3.223270090442064362e+00
1.383820373222268918e+00 -8.778317601265820391e-01
3.145368400257730346e-01 -3.344113625448708049e+00
1.578644198112500119e+00 -9.385696774752837479e-01
-1.766167569865402909e+00 2.003325821256875194e+00
-3.016821507604486863e-01 1.585580135524537748e-01
1.011976102513214348e+00 -1.209714829110609402e-01
-5.731326289734459123e-02 -1.461570879964471326e+00
-8.375917520668911542e-02 -1.691165881625746215e+00
1.278369305838283454e+00 -6.466474422423310608e-01
-1.383902606519750167e+00 1.760271585220608559e+00
1.088275505979146462e+00 -2.292523467281322169e-01
1.161511735466510986e+00 -1.863406799943867764e-01
-1.644941007171908609e+00 1.884911662084627348e+00
-2.950608239212509254e+00 8.779561421257943143e-01
-1.281512494337141872e+00 1.266160298670278461e+00
2.216089152333123202e+00 -4.716741140136457844e+00
-1.457168052587434648e+00 1.624037546030397960e+00
-1.557872299130550475e+00 1.614095944809321059e+00
1.582734931136546841e+00 -8.025749811164034631e-01
-2.216342020729419549e+00 2.401663059612723305e+00
-1.619738338437275438e+00 1.771828068829768288e+00
4.197493787497225681e-01 -1.590459780890381536e+00
1.287850447720570335e+00 -4.400931352735448776e-01
-5.256482626258258684e-01 -1.632156570312613963e+00
-1.500407787316712538e+00 1.759776781674954327e+00
5.873822322933199835e-01 -3.259002249577377608e+00
-2.134476943670042884e-02 -2.106942114912213171e+00
-9.454242710427767094e-01 7.814020104629347818e-01
-7.218745223133141709e-01 9.364136320010689740e-01
-1.851496342004725904e+00 2.086596346885312148e+00
9.589821873055638379e-01 -3.739777264568528575e-02
1.278678605118057865e+00 -3.826845839732955779e-01
-1.354966515454076204e+00 1.252141764506330412e+00
-7.696800152647653714e-01 -1.269555389686108260e+00
-1.495386354666230044e+00 1.781042368315091773e+00
1.187439943745784099e+00 -5.472854492745384825e+00
-1.365013488367923022e+00 1.446850240736800464e+00
-1.028142224089192647e+00 -1.211120440174971558e+00
1.120515155081470926e+00 -4.086575888358022213e-01
1.182073631719118278e+00 -3.742873674459560318e-01
-1.346657710831160593e+00 1.276276630749068497e+00
-1.455233856130550008e+00 1.526524907980910672e+00
-5.820801969862117176e-01 -1.533263951403985859e+00
-2.568061218230508924e+00 2.786487031026156469e+00
-1.922554702754175393e+00 2.067305854861372083e+00
1.324459104383832520e+00 -8.299309839464220628e-01
1.087349410158276353e+00 -2.024607445652795157e-01
1.625156704629770354e+00 -9.225365886270772142e-01
-9.873141114979395727e-01 5.549547742155890306e-01
1.021625445381530772e+00 -3.677891856198646447e+00
2.987053424775254484e-02 -2.570536637200230956e+00
1.558557047164673026e+00 -7.287921071877377921e-01
-1.568139832552709390e+00 2.016582644959396653e+00
-1.859491532024752702e+00 7.816490105647732056e-01
-1.578535470788805961e+00 1.638447576478446299e+00
1.292887406377157378e+00 -5.167372206056306538e-01
-1.006047453847617623e+00 7.873608702260654901e-01
1.578869584569312590e+00 -3.574403496761968668e+00
1.089458528887645494e+00 -1.671042122417837616e-01
8.176726623273179451e-01 -3.592744848400290181e+00
-7.403687128122814487e-01 -7.897045932838503424e-01
1.697340938326808102e+00 -9.885331763849110054e-01
1.430734808961559024e+00 -7.595730017380658561e-01
-1.505954545476793083e+00 1.474760593317486101e+00
1.105207739326997451e+00 -2.987764202612095410e-01
-1.632215556780212129e+00 2.145733796413509253e-01
-1.807060061663410266e+00 1.939260707571130116e+00
-1.307190361021202785e+00 -1.895852998272546941e-01
1.175973189105204098e+00 -4.958421194106661378e-01
3.699833299693831568e-01 -1.660256902425781611e+00
7.869922078102108420e-01 6.236792666292689802e-02
1.206449077864278907e+00 -3.892713078569224328e-01
-1.485384223231735135e+00 1.840910372229175529e+00
-1.521752944059146406e+00 1.540433681456244042e+00
-9.863078946518769596e-01 8.971092553685919846e-01
-8.621215022835688746e-01 -7.434811834441729106e-01
1.383399631188785950e+00 -5.564331806024719329e-01
1.407908595303263954e+00 -6.170200947834262317e-01
-2.232242360234863998e+00 2.575498288411229186e+00
1.504517396064411816e+00 -4.858062297023403531e+00
-1.982497239340018202e+00 2.275341772653745043e+00
-1.167060816968211956e+00 1.212032878708255712e+00
2.280101423935201321e+00 -5.294610028806279622e+00
-9.537542309559051690e-01 1.051305984349507172e+00
-1.577232444814231860e+00 1.723191515738335511e+00
-2.004637769644487477e+00 2.151259341245702394e+00
-2.054150056814399328e+00 2.123850502686412955e+00
-1.403585552268776349e+00 -1.747075085389434845e-01
5.805867956716782574e-01 -2.246029920645538080e+00
-1.607454765060325919e+00 1.896719364126656648e+00
1.260305231043665319e+00 -3.694918788468976589e-01
-1.532494258052373715e+00 1.790978447399238283e+00
-5.793609818077513074e-01 9.767354081742536664e-02
1.415140084619091132e+00 -6.461612256025242029e-01
-7.061258090487377848e-01 -1.767820180506056049e+00
-2.197372269770983433e+00 2.365186028947214858e+00
1.382112721135016820e+00 -5.846315004123626702e-01
1.038720679338554387e+00 -2.634414849212048271e+00
1.482758290321589900e+00 -7.098473642041170928e-01
1.007506636213656437e+00 -4.147878805097875432e-01
1.504769435417555812e+00 -6.668761547069558260e-01
-1.244379831088193056e+00 1.328596289377887985e+00
1.580251136186526795e+00 -1.061039079462313683e+00
-1.479596494354708636e+00 1.759853613926669613e+00
-2.317766878387392815e+00 2.474207347494484122e+00
-1.393629943433674967e+00 1.332477311082574278e+00
9.587662082553969345e-01 -3.060311038632272662e-02
-1.113290270162079931e+00 -1.900628491091557737e-01
-1.947022299046860194e+00 2.125342987954701446e+00
1.191754656376945443e+00 -5.468802644498331755e-01
1.454692098423652435e+00 -7.142441811845734456e-01
1.094332599598742295e+00 -1.039741523738491047e-01
6.279636702802121606e-01 -2.352076332588155960e+00
-1.477357138291456318e+00 1.577100018704020057e+00
-3.022717134142149931e-01 -1.964803409307581239e+00
-2.067097177363908411e+00 2.283930792415818090e+00
-1.539860562775604125e+00 6.747572902901355363e-01
1.375768709388237587e+00 -5.191670404257459071e-01
-1.819651311661618420e+00 2.182453431227724394e+00
-1.669436355913265224e+00 2.033115015762865241e+00
1.848829821247573557e+00 -4.961630805190217153e+00
-1.777987911507146856e+00 2.158870453296878988e+00
-2.528038446356075664e+00 2.892705542919486117e+00
1.379676439379488917e+00 -4.480922906665132932e-01
1.828760112108318125e+00 -4.448477171935782515e+00
1.197809902055672060e+00 -4.039227969956876163e-01
-1.369172517412801771e+00 1.732798873417210173e+00
1.270648015432225275e+00 -4.945633923720316738e-01
1.335666242097874212e+00 -5.579003010660853468e-01
-1.718646256428370434e+00 1.961865817314026650e+00
3.587824129729875744e-01 -1.827621474132900214e+00
1.020122793534441463e+00 -1.064426083470354223e-01
-3.321351120348141173e+00 2.126763173323477307e+00
-3.952337525786203121e-01 -7.673871261845853775e-01
1.672382371916870447e+00 -4.148799804317449436e+00
1.380900436816695720e+00 -6.995850124648624879e-01
1.132585947284070915e+00 -2.600200979477643171e-01
1.044329083535513236e+00 -1.706397479400469375e-01
-1.448260796430053787e+00 1.618872407330070651e+00
-2.025529917466024621e+00 2.483139169210852426e+00
-5.505564774470350642e-02 -2.285406609750576745e+00
-2.440344071156314687e+00 2.896091461510556631e+00
1.288961716344206865e+00 -5.038217428879105952e-01
1.628600341636348148e+00 -9.729442709136577605e-01
-2.000209331732213158e+00 2.263838617344129389e+00
1.745848284140468332e+00 -5.197333668154635156e+00
-7.855442112051637116e-01 -1.683174704168586500e+00
1.357167245081999374e+00 -4.805464765545896522e-01
-2.246869007903326221e+00 2.360553593004823814e+00
-1.097983027784661836e+00 7.421002059879444612e-01
-7.273154704519562141e-01 -1.738554571876466115e+00
1.262068817403322107e+00 -5.904338172265973794e-01
1.181105730312173474e+00 -5.346512375440629627e-01
1.509409880685556038e+00 -9.395632494487218267e-01
-1.673321989947592625e+00 1.481193182202928504e+00
8.421497516226734703e-01 -3.768988456836426248e+00
-1.596883702115896364e+00 1.984319946802949985e+00
-1.369283271909462085e+00 1.502537859137603737e+00
-1.659981986362335737e+00 1.878940261922802168e+00
-1.466637434738422341e+00 1.508385905040322550e+00
1.311560597624873425e+00 -6.020640339836587085e-01
-7.222290694718799253e-01 -1.211404197887575140e+00
1.667013878719644460e+00 -1.044067635690751450e+00
1.456028890972483669e+00 -6.686155143717884553e-01
1.126813874537814897e+00 -3.587577827000781650e+00
-1.298322853209117778e+00 1.422139263635785911e+00
1.432792982740867194e+00 -6.693124544217562422e-01
2.613867214323004409e-02 -2.074300013432972101e+00
1.583413638101391019e+00 -8.549490961147846457e-01
-1.180353113616788407e+00 1.093100418367281002e+00
1.233657927120345610e+00 -4.076450232219650971e+00
1.092427280165179537e+00 -1.745357484122214420e-01
-4.485916419020474777e-02 -1.719788332572702805e+00
2.009143720291739044e+00 -5.873547667503649983e+00
1.088039076346837497e+00 -2.362151250394993462e-01
1.725843812534018751e+00 -1.093232895634273838e+00
-1.805121933516679489e+00 1.659102434317969221e+00
1.262712595446864317e+00 -4.342437215467367828e+00
-1.981083738568113706e+00 2.211875203654818378e+00
-1.765094133864034243e+00 -8.707853443948007088e-01
-1.240052912441653277e+00 1.353608879386433594e+00
-1.319116872845294219e+00 1.295250714100036005e+00
-2.079953061820087878e+00 2.849144920824965954e+00
1.336104269928296118e+00 -4.109559647676531147e-01
1.229523976782361361e+00 -4.553730971581235742e-01
1.109498489208594396e+00 -2.539131083840378555e-01
-1.011373882568178839e+00 1.008127219048760015e+00
-1.686148886864290208e+00 2.745700426514012804e-01
-3.210271706778157208e-01 -1.471858927663283856e+00
1.557649738985076304e+00 -8.197378098721967987e-01
-2.089262571034250282e+00 2.348415869899494357e+00
1.172305541643776872e+00 -2.719862309625070140e-01
1.154471116177521628e+00 -3.970417590645592965e-01
1.241618168911364339e+00 -3.797948475723337491e+00
-2.175936553926801409e+00 9.245125350230223304e-01
1.944367577316281404e+00 -4.963082502047260647e+00
9.905087232923300844e-01 -3.073434024525211417e+00
-1.999319125362944760e+00 2.223201079759083765e+00
1.554543477774828819e+00 -7.533374085271892229e-01
1.381249964136842090e+00 -6.142145438059931628e-01
-5.650376309346923920e-01 -8.248204736561403072e-01
-1.964463160947549136e+00 2.191838810422812589e+00
-1.829147777127423158e+00 7.610673016865844298e-01
-1.404797847406458855e+00 1.543722354146055853e+00
-1.520174804343001451e+00 1.836874169386834454e+00
1.459148293616653991e+00 -7.813662344785875513e-01
-1.724493077481384251e+00 1.732309059288210884e+00
9.726119825272743213e-01 -8.424816595717023182e-02
-1.354114230930025808e+00 -2.981644127865459848e-01
1.586588615668063085e+00 -8.335201682482532570e-01
-1.196038355116439522e+00 -2.946505519856111865e-01
5.182115451465059142e-01 -3.085456291127026685e+00
1.814545536342035748e+00 -1.220013913153535245e+00
1.019995423189966388e+00 -4.151962493635373619e+00
2.113163577862844644e-01 -2.393960537430492419e+00
-7.250801460618248040e-01 -1.605644434678707766e+00
-1.972721297625290804e+00 2.313443379210194273e+00
-2.641426245246770055e+00 3.111449088193687817e+00
-2.419309402432595846e+00 8.405164168044888529e-01
7.590443829377362395e-01 -2.944210984665995845e+00
-5.493990849222751827e-01 -9.277178009950973747e-01
-1.242995376272726160e+00 1.236235932109349678e+00
-1.186365165509363884e+00 -9.556333877583662595e-01
2.338056046556623302e-01 -1.972648502510453872e+00
1.429359943480505768e+00 -7.883564843290211677e-01
2.172855035861244399e+00 -5.953195111433748465e+00
1.346632222806842138e+00 -6.805083275687208166e-01
-1.950752605387096272e+00 1.961963434410075369e+00
-1.963948855745118571e+00 2.053652322823479981e+00
-1.394609398872463935e+00 1.534910744604596866e+00
-1.284956761746048892e+00 1.260002485596110056e+00
-1.790753965267483094e+00 1.861452133759281979e+00
-4.747544182165945870e-01 -1.493525286490367643e+00
-5.509827750699009680e-02 -2.631007761624036156e+00
9.748574988746688819e-01 -6.144130159868152474e-02
-2.086732550147173626e+00 8.925998962713706242e-02
-1.488736971250928631e+00 1.455744950510889923e+00
2.613940216363318525e-01 -2.559166634884287195e+00
-7.531972203681448486e-01 -9.104626302903175983e-01
1.123647210915150518e+00 -4.113999129930681620e-01
7.695294819857791957e-01 -2.940623599148981526e+00
-1.846058582468855791e+00 2.291057096031138940e+00
-1.835487235880931767e+00 1.958347999677682028e+00
1.428501526724146764e+00 -5.670724738584783653e-01
-3.608948112054995994e-01 -2.671835032861607839e+00
1.391779302133131502e+00 -6.865939644288947541e-01
9.683738824705620529e-02 -2.673153077262726995e+00
1.526041840154977791e+00 -9.405999382324601310e-01
1.636973593809577299e+00 -9.443997191052622142e-01
-5.368362901583302316e-01 -3.259185750127854275e-01
-1.004818397663467033e+00 7.255670756628873619e-01
1.500178213429778529e+00 -8.064749354986898711e-01
-1.093995084003010376e+00 -3.012621336786377446e-01
-1.191175901422844907e+00 1.514352834450554797e+00
-1.394455409039372151e+00 -1.200075277841721189e-01
1.506438398673130008e+00 -7.980854925054672311e-01
1.490921771919990535e+00 -6.705806010592123556e-01
7.213731390024038514e-01 -3.390269302011700514e+00
-1.109166176170464757e+00 -5.520015666563337087e-01
-1.567557330089417444e+00 1.778141291931984336e+00
-1.073014372139255018e-01 -2.543459692853367482e+00
-7.518411062441003601e-02 -1.666478201773938350e+00
-9.645690283725898428e-01 -1.006271802096981416e+00
-6.088075146667798476e-01 -5.260281949941331137e-01
1.150319066156085146e+00 -2.966591636663621356e-01
-1.128381652484283793e+00 -7.196413180758483019e-01
1.069166948489328473e+00 -2.105333547959664098e-01
-2.327235353290827202e+00 2.456334576524759061e+00
-1.763582986262911989e+00 2.008673654949576726e+00
1.099746521780545105e+00 -3.552916753811589667e-01
1.132882537958647351e+00 -4.189218908656229812e-01
1.424223330642550467e+00 -8.570150897821043889e-01
1.100137781675307735e+00 -3.239115010698307567e-02
1.423438136317314529e+00 -6.794608166791233916e-01
1.306582466674155230e+00 -5.563148164554517772e-01
1.475568075314458438e+00 -8.187304696885951971e-01
7.280429341470775473e-01 -3.348870913464869759e+00
1.195563202154961591e+00 -3.940273461338222316e-01
3.296793479529694371e-01 -1.511327544596221983e+00
-5.338135260006289240e-01 -1.674036953280143569e+00
-1.743025033714092065e-01 -1.902011296048746081e+00
-1.378854097467017981e-01 -1.532781356274669271e+00
-1.427601346410810157e+00 -8.403318586252360722e-01
1.387896286805036183e+00 -7.242085375940300329e-01
-1.471780911414455328e+00 -3.260507610026244785e-01
-4.625252186773219365e-01 -1.375798666323110542e+00
1.512666220674850237e+00 -7.651610115929111666e-01
-5.262503755345212531e-01 -1.216782982544901914e+00
6.519434944992489323e-01 -2.156143409317270887e+00
-1.207854217441648448e+00 1.495578070800271497e+00
-9.900090861902425265e-01 7.674598645623119664e-01
2.090954030244726702e+00 -3.701326478355416061e+00
9.537377161714057916e-01 -3.712862066310799847e+00
1.660933852158850810e+00 -1.322784199286760609e+00
-1.880330787730798647e+00 2.364787345400209961e+00
1.619146761907808374e+00 -1.106046955573895874e+00
-1.038245323343516047e+00 1.071434218951155204e+00
1.213538128042525921e+00 -2.961376497095076776e-01
1.406305314873005363e+00 -8.698642637758328133e-01
5.660070476593254130e-01 -3.348480820374001521e+00
1.349719944244233361e+00 -7.014986128600286808e-01
6.335726180667248242e-01 -2.892472351178575707e+00
-4.173062659642938210e-01 -9.122941346719999345e-01
-8.738792719375257922e-01 8.453679912487178649e-01
1.825198594703208776e+00 -1.200522737455541833e+00
-1.078717259475739709e+00 -1.030726776909232090e+00
1.076516125601212792e+00 -2.900631244025866917e-01
-1.689917071894119660e+00 -2.295305907553950864e-01
-5.846789203499650478e-01 -1.046209231858132638e+00
-1.040066603605312778e+00 1.045791629172279080e+00
1.246001808651850284e+00 -4.973104603131676127e-01
-2.019315610515772796e-01 -1.083193559942032369e+00
1.154066819310247682e+00 -4.114756009179162954e-01
-2.377675443783875200e-02 -2.565111852693250150e+00
-8.185872932599144169e-01 8.347004924614755961e-01
1.491577149664749413e+00 -3.926709384774145661e+00
-1.311169605539311833e+00 1.721712879720080469e+00
1.596017085424778159e+00 -9.515990449761795311e-01
-1.141277866771554628e+00 8.811224734750990883e-01
-7.887877385234677297e-01 -2.088833076488043616e+00
-1.231249519605667420e+00 1.396421126904804799e+00
-1.412124338919653832e+00 1.363985578440470192e+00
-1.979937349273697800e+00 2.195053516126860504e+00
1.296112378671026022e+00 -6.447823432019311740e-01
-1.596525087761080597e+00 1.489509678615572374e+00
1.608953424513824393e+00 -8.533881384078140231e-01
-1.750521937251093174e+00 2.027253025950793930e+00
-1.120130348605507420e+00 1.543501235660596604e+00
1.569880455112546480e+00 -8.571150980590118706e-01
-2.171382034952611839e+00 4.594102669608151057e-01
-1.557024743844978465e+00 2.077478892085513895e-01
1.099133004517247159e+00 -2.030105656624335009e-01
-2.072770660261276987e+00 2.250170504072650068e+00
-2.985253717497129422e-01 -1.394825198749650941e+00
2.960944505254942127e-01 -2.677707699213283110e+00
1.426740269702492458e+00 -7.118474664164549104e-01
1.363695355190436498e+00 -5.294058868948553487e-01
-1.556233398428647219e-01 -1.652001597782321030e+00
2.161525886326210344e+00 -1.578136120718660829e+00
-1.985193180051471940e+00 2.291211427773081510e+00
-1.355954149961173361e+00 1.450066434488335831e+00
1.551912497170134797e+00 -8.179871667367699661e-01
-1.153748034643042208e+00 -5.727570645608262012e-01
-1.397662862772077963e+00 1.404940952449787783e+00
1.364267964067955807e+00 -5.548540138457075388e-01
-1.275198766209683532e+00 1.273599840955715434e+00
-2.498728683023228481e+00 2.945466179464715673e+00
-1.894431900664488300e+00 1.891970176593772424e+00
9.407154743747598857e-01 -6.659022809045457569e-02
-1.324198919376402772e+00 1.576741158104722151e+00
-2.042809724913173142e+00 2.110910793569428456e+00
-7.923838871364528025e-01 1.085842205860738652e+00
-1.835901349729423426e+00 2.206846539979805844e+00
-1.123993264888469401e+00 9.082701725618965716e-01
1.271459617544610898e+00 -4.679375858969443969e-01
-1.862874608359424533e+00 2.016437891856598608e+00
-3.487718056953615364e-01 -2.031794510815652099e+00
-2.071557394388688245e+00 2.326626525501794163e+00
1.332505746994280926e+00 -3.697436296065904404e+00
1.202193837515259434e+00 -6.040034935421336737e-01
-1.842016620052991716e+00 1.895785291903299141e+00
-1.392405995336020164e+00 1.602305166253478186e+00
-8.631409091948968326e-01 -6.785223411751323264e-01
1.410772763417297071e+00 -6.345133262912228123e-01
-2.884603744275522352e-01 -1.724922833571804315e+00
-4.665793883812124898e-01 1.586459728921042200e-01
1.613864056861976870e+00 -7.226621190300870357e-01
1.776654159670466360e+00 -1.210864657574325154e+00
1.451922175726642728e+00 -7.116664798101776102e-01
1.615424188912605530e+00 -8.232616613985339615e-01
5.319903580416152078e-01 -3.650651213042422683e+00
8.708619684036551511e-01 -1.960632513999264415e+00
1.262160756537854756e+00 -6.210461095964560085e-01
-2.071160218282502019e-01 -6.727092815828116246e-01
-1.717552250421958471e+00 1.571703919246414172e+00
1.099604234812050496e+00 -2.011905916935524397e-01
2.112267783608819671e-01 -2.636020279279049028e+00
-8.791016211358050336e-01 -8.030012735103140287e-01
-1.553521862961048550e+00 1.847990998368271853e+00
7.311420725153908728e-01 -3.938502488119739020e+00
1.245548578515305094e+00 -4.890188211325633416e-01
-1.845183100047454117e+00 1.066213066522584851e+00
1.082102260373409841e+00 -1.926816388196837815e-01
-7.277626437011024407e-01 5.236494681257949368e-01
-1.766002038445400490e+00 1.797573790140000183e+00
1.299988236099489880e+00 -3.943204722171808063e-01
1.689666745703909845e+00 -1.106433499287745592e+00
1.042352401511204008e-02 -2.085495589883839873e+00
1.362943065089985639e+00 -6.241944582151913723e-01
1.161234195850717965e+00 -2.325588933511236744e-01
1.622489061380667730e+00 -1.036387890050627592e+00
-2.187350285856499710e-01 -2.006211851644402078e+00
1.354218499921523433e+00 -5.594869717155980249e-01
7.697841018431068605e-01 -3.161318027420307875e+00
1.470943237746030086e+00 -7.904084558637892721e-01
-1.713854419202833768e+00 1.774214154176903202e+00
-1.730325054543077501e+00 1.190881562015762007e+00
-1.774410881775885018e+00 1.966827468768276743e+00
-1.420533359005136775e+00 1.420447514308477155e+00
-1.881329487103748699e+00 1.880559560893486859e+00
-3.971119474085284540e-01 -1.865574526575629832e+00
1.365832969740829794e+00 -3.809601963143275150e+00
-1.568900271143580882e+00 1.998277896933178699e+00
-2.071339166479153615e+00 2.285187568681652071e+00
-5.441506424290751820e-01 -7.298316081510813902e-01
-9.664130108703830047e-01 -1.298279915029012965e+00
-9.981239329294120388e-01 1.234484697470731751e+00
1.158794485918750894e+00 -3.715329326988346392e-01
-1.088942526515677800e+00 1.111859736573249435e+00
1.066853735140333548e+00 -2.431141059355249601e-01
-1.916928208271209577e+00 1.240503821988381689e-01
1.729973056186759228e+00 -9.851433491522635366e-01
1.304991761374336479e+00 -6.650081060165822233e-01
-1.324900551955265238e+00 -8.771888308881494734e-01
-2.869886306374347940e-01 -1.690670762782576331e+00
-1.006534312028939615e+00 2.374793447480373909e-01
-2.141289768485837630e+00 2.621386152607544595e+00
-9.321427325328645042e-01 -1.577076808555196941e+00
-2.576196875360839300e+00 2.503237296358653996e+00
1.346321349321476735e+00 -5.095046709637315319e-01
-1.681089507499169189e+00 6.035469523975901529e-01
1.317179151725347497e+00 -4.688549907849608900e+00
-1.689463838369255511e+00 1.909480208300780690e+00
-7.987799618763105070e-01 -1.739886702200216018e+00
6.044350824991414628e-01 -2.675232107818536598e+00
-1.860559782385823091e+00 2.443906453860478667e+00
1.501744035561909316e-02 -2.393873171738488459e+00
1.589767938477802289e+00 -8.043858579072211690e-01
3.098995829003279856e-01 -1.779615496560337240e+00
1.324713770345943953e+00 -6.972267321085765523e-01
-1.556234178756388919e+00 1.889879956406478545e+00
7.849798774152497716e-01 6.744011917435947800e-02
3.798673647140685672e-01 -2.586820730033645876e+00
-1.468666914024195025e+00 1.351164973801207037e+00
-6.741598673538703457e-01 7.789994609983214024e-01
-1.704633182143769909e+00 2.304242952196767558e+00
7.455968825065359962e-01 -3.973682814744304181e+00
1.242200822624877743e+00 -3.391214249826828286e+00
-2.544033312734040320e-01 -2.481606671352208693e+00
-1.359185638330964618e+00 1.515684626157126180e+00
1.221402492296987274e+00 -2.967956492461535367e-01
1.018216382943668119e+00 -4.052759779792796557e+00
-1.256153158108718415e+00 1.444645118401899131e+00
1.521166094932710600e+00 -7.784988716555185650e-01
-2.129350634789280772e+00 2.560664071405355902e+00
1.444208189244621687e+00 -5.700581340999520963e-01
-6.062709588206932620e-01 2.385471020077397364e-01
-6.141919137787399396e-01 3.915670368263102219e-01
1.091517868712387207e+00 -3.020227747358442127e-01
1.025285269949876010e+00 -9.333699189491628800e-02
-1.755941970257467177e-01 -2.216667061370837466e+00
3.354077113634777452e-01 -2.478699583963136721e+00
1.195897356208100781e+00 -4.359303949958978630e-01
-2.141991158311998156e+00 2.173022153998507733e+00
1.371608725861948486e+00 -5.394482665176647540e-01
-1.754235380353500684e+00 1.802880560249437325e+00
1.149966317987070941e+00 -1.969360045515756441e-01
1.599441946860837627e+00 -9.515968504261309580e-01
1.370283039012471171e+00 -4.893349649855107120e-01
-1.146160873747695375e+00 1.131614700031842835e+00
-1.250226566738002809e+00 -1.051667121096406143e+00
1.248569443573566806e+00 -5.722662871465292733e-01
2.161025741340998785e+00 -5.514509052883380669e+00
1.534394136278949272e+00 -9.716151075373684609e-01
6.172906378752364143e-01 -3.142785959377675020e+00
1.093369987107695840e+00 -2.023145341925718377e-01
-9.360609119325629113e-01 1.354749258048560501e+00
-1.876568113152452533e+00 1.975475363676738816e+00
-1.484386110040046614e+00 -2.300517212013417634e-01
-1.950703397395830541e+00 2.235058720348567451e+00
-1.428893744768981344e+00 1.936958266105609505e+00
-2.218677002237905427e+00 2.535860121211972018e+00
-1.246806735937514565e+00 1.401447673166264174e+00
-1.736638155009738949e+00 -3.968580539201548296e-01
1.100552290678616041e+00 -1.329297844632127135e-01
7.545091536186466774e-01 -2.988125581222886851e+00
-7.675845441829886040e-01 -1.341745080436038906e+00
7.277368549195607494e-01 -2.476283267318965198e+00
1.213628021002869595e+00 -5.103691628004748404e-01
-7.442168033346829858e-01 -9.772788732043373727e-01
1.661037415735636236e+00 -9.643410980284374823e-01
6.881464053974735429e-02 -1.932507905706538853e+00
1.330713888660117306e+00 -4.210380797242269102e-01
1.285963261235550714e+00 -5.284803243619414781e-01
1.595761270120447106e+00 -8.005872510894690430e-01
1.327530925587193655e+00 -4.701332509057474796e-01
1.337830354388542142e+00 -7.031095918548335710e-01
1.113717778280514326e+00 -3.103286474006652917e-01
-2.240574068718825806e+00 3.648090769843367331e-01
-1.181204895510993058e+00 1.252502750931588249e+00
-9.749998891110533972e-01 -9.983953497249942188e-01
1.608027256054416432e+00 -4.258944652008854526e+00
-1.341153063364420861e+00 1.380774305261148305e+00
-2.844014968471813454e+00 3.793669170153931791e+00
1.033553619427856507e+00 -2.706264415948868240e+00
1.307197576536194505e+00 -3.443365426037659494e-01
2.738311784994061915e-01 -2.866475537479562075e+00
-1.391090759637439334e+00 1.533828961831878557e+00
-1.792601916416146191e+00 1.935438515281396654e+00
-5.052186323088286857e-01 -7.800409355520503407e-01
-2.349362406667328873e+00 2.798482779754720706e+00
1.586578844068568195e+00 -8.854773493726927347e-01
1.167848430606480692e+00 -4.261799766093935515e-01
-1.485712272311257909e+00 1.425367996973798013e+00
1.464861344149475331e+00 -6.781157010345959524e-01
2.417743655764635902e-01 -1.755639741267242648e+00
-1.958424585802947870e+00 2.045234426691299845e+00
4.683525357117472587e-02 -1.640751421928365650e+00
1.168194008876330070e+00 -4.124133441077474371e-01
-4.490246958172683378e-03 -1.717965002762243953e+00
-3.584484021467045922e-01 -7.425331819564815472e-01
-1.280032216426498115e+00 1.425299032857534565e+00
8.916755682704836650e-01 -1.239166768405688436e-02
-2.094076824816115123e-01 -2.519402861100017432e+00
3.659604339721429095e-02 -2.290425886493458130e+00
1.822522835006903152e+00 -1.147434186639435971e+00
-2.628559490076630478e+00 3.162283625030366974e+00
-1.979442339192532430e+00 1.961425538668105650e+00
1.391674947723310796e+00 -3.416093408124472930e+00
-1.668881594913801614e+00 2.021202052073560185e-01
1.245866790435292026e+00 -5.473443265024552362e-01
-6.685572584242348571e-01 3.440109040695545350e-01
-2.226358939042852203e+00 2.620679948143247007e+00
-2.117447042953267466e+00 2.199587851172297270e+00
3.040948806028193618e-01 -3.164767441449176655e+00
1.253952662388984285e+00 -3.872549407623896434e-01
9.574198595864572559e-01 8.256799071469096696e-02
4.483324284642797863e-02 -2.615149406939761167e+00
1.438949207314841994e+00 -4.548990222607115719e+00
-1.945696816596504952e+00 2.164673035454236949e+00
1.060579726286302593e+00 -1.982258930365394245e-01
1.873658148486339714e+00 -1.489174634059061697e+00
1.599332688335958208e+00 -9.782529991280953796e-01
1.542999873089759388e+00 -7.225548091788561722e-01
1.598941507020991804e+00 -4.429872349669927267e+00
-1.925281196104458026e+00 2.071210573210068073e+00
-1.206159440590760301e+00 1.234852862749163949e+00
5.916998394129812100e-01 -2.144097309908005844e+00
1.630363150910690395e+00 -8.469403977614726742e-01
9.330814544884464823e-01 7.993224151887963480e-02
1.278419917545974283e+00 -5.648243563265914480e-01
-1.483499257643319025e+00 1.447024418662953726e+00
-6.709603491693927335e-01 -1.244054628060575318e+00
-8.170918409335976573e-01 -6.076192609655703958e-01
-1.708581178682032853e+00 1.921829464192725379e+00
-1.597665233802034956e+00 2.004779488475525451e+00
1.205576213664544927e+00 -2.536011918928289810e-01
1.301911912266413562e+00 -6.201757791083275517e-01
9.533251583638828741e-01 1.234587704651328617e-02
-2.194511359664989669e+00 2.419330778253505176e+00
-1.046728178181009605e+00 1.049356245200309568e+00
1.308380925172818454e+00 -6.471693531255208187e-01
1.716444343301926523e+00 -1.221789703610472788e+00
1.015421368844388716e+00 -2.404311822238980600e-01
-2.300783283883019781e+00 2.984380510890829452e+00
1.635378715351605505e+00 -1.003589478103359633e+00
7.656465385742394769e-01 -3.387914595291180220e+00
1.272224739620942957e+00 -4.206965339923920411e-01
-1.554533364058773293e+00 1.689928768214308041e+00
8.984417825253717682e-01 -3.706655896887866231e+00
-4.024740672358356752e-01 -1.654480985873071797e+00
1.352278087526764816e+00 -8.013373275397396300e-01
1.462500840853145467e+00 -3.758477031136343349e+00
-2.344142885939611176e+00 2.412069079688681672e+00
-1.625913288171229265e+00 1.895198248284094333e+00
-1.766378528189652020e+00 1.724551540364688273e+00
-1.896465480756659217e+00 2.093237443765726180e+00
-4.724776794030514093e-01 -1.283770102468492436e+00
1.429535338759881702e+00 -5.985002696936830846e-01
-1.545397079039135368e+00 7.841953600366000643e-01
1.353844842286378913e+00 -6.458299067211129563e-01
1.441196759059501620e+00 -9.078392061321076678e-01
1.562912558592262746e+00 -6.882077824336563232e-01
-9.394771179389833637e-01 9.499285956396297248e-01
-1.687903234948535669e-01 -1.877182901851391028e+00
1.717292992801816354e+00 -9.140277709239574833e-01
-1.550858657945772823e+00 1.675923396202020799e+00
-2.039425071027038960e+00 2.401333774091927165e+00
1.309825745632997362e+00 -5.783694204658247351e-01
1.264807351096715271e+00 -6.608406622359316307e-01
-2.185841310983108521e+00 2.698517877307782697e+00
-4.092152179193824790e-01 -1.659060535868132957e+00
9.168122002370158175e-01 -1.231546871234447983e-02
-1.044721852714995292e+00 -1.585681085105172139e+00
9.752275784888742027e-01 -2.072116403441747745e-01
1.119019654157021648e+00 -3.542670286097094334e-01
-1.260126806696276303e+00 1.378134943590326733e+00
1.382844251558640103e+00 -5.629357293901565695e-01
-1.928783793807736124e+00 2.475446718220297715e+00
-9.758933908228389909e-01 -5.393998340278295389e-01
-1.226203238162829612e+00 1.475110967998364275e+00
1.304617849118979045e+00 -4.745813096054763980e-01
1.185459559784554084e+00 -5.029541248042300738e-01
1.554600996946460034e+00 -9.687262737486580511e-01
7.793483534120217993e-01 -2.650910970337033934e+00
-1.760580169030347530e+00 1.597232496104033617e+00
1.099565117895920485e+00 -2.497378491367027165e-01
9.739878370862031787e-02 -1.972351896508410363e+00
-5.031827113583936528e-01 -2.245362262090040417e+00
-1.663187622073359462e+00 1.410707708228174928e+00
1.417299040774808061e+00 -6.975945859877975552e-01
-1.541012064963524164e+00 1.610620992593673639e+00
-1.300472385144592291e+00 1.390316953000467537e+00
1.579382681901590590e+00 -8.320637432518025456e-01
-4.023546692006768621e-01 -1.432922771492687763e+00
5.165055489753498374e-01 -2.415589858463749184e+00
-4.755317877249895520e-01 -1.219647673567971990e+00
-5.570915857849598890e-02 -2.013757465091110976e+00
9.874817584588951869e-01 -2.808127021140472745e+00
-2.005316297282876192e+00 1.955077664271663851e+00
5.886712298406201471e-01 -2.471359443766069308e+00
1.748889842546829998e+00 -1.078997998591056495e+00
-1.064614304995887384e+00 1.033543897784274357e+00
2.060071652578948420e+00 -5.569146507468281548e+00
-5.220273870750248291e-01 2.489275533495574344e-01
-1.642556056630457784e+00 1.859586524253922235e+00
-2.080908708655947681e+00 2.485838596393547650e+00
9.572442434695578317e-01 5.014119567615349382e-02
1.242545993061860754e+00 -4.020448518823081518e-01
2.780494925023044850e-01 -2.403774139153035616e+00
-1.094658475702744660e+00 9.033074963905781685e-01
4.596988419802267023e-01 -2.983662603540170100e+00
-1.237431760982986351e+00 -9.681147516350820936e-01
1.330632923941642121e+00 -3.642288420301059149e-01
1.209813734661378870e+00 -5.747020717520778810e-01
5.316475457146579986e-01 -3.163746336773444856e+00
1.325646017103143892e+00 -4.637456801069463341e-01
-1.473553051058234420e+00 1.455006035460852054e+00
1.182126406350701098e+00 -3.317229904505047955e-01
-1.998172221718614416e+00 2.311590618685439580e+00
-3.317498407336563204e-01 -2.148437696669642349e+00
-4.086225179992484802e-01 -6.920253951949095761e-01
-4.845712724860191667e-01 -1.575635759245608059e+00
-2.056080377745220122e+00 2.288612141902690134e+00
9.255424090468852283e-01 -2.885184967438472636e+00
1.631505999312192534e+00 -8.722914967113003515e-01
-2.581055831177230697e+00 2.690390891265446616e+00
-2.811899115970319940e+00 2.299406802570790109e+00
-1.324987342832067316e+00 1.339370470893186393e+00
-1.200644054696045487e-01 -2.035820926196926450e+00
2.158740434693120352e-02 -1.615400406934977662e+00
-4.468570172527515649e-01 -1.653995594197893437e+00
1.291262833499065232e+00 -5.955961571255229403e-01
4.796056128938818719e-01 -3.431870665166032452e+00
-1.753338328168878024e-01 -2.236038259010607820e+00
1.453098129639018854e+00 -7.318101872032791722e-01
1.234879689921974277e+00 -4.034189974488778252e-01
-2.426394402854092913e+00 3.044989991895799886e+00
1.391079103776267978e+00 -7.032732781075251571e-01
-6.970341624387384194e-02 -1.256786155790509563e+00
-1.446019775256712769e+00 1.827526614551747919e+00
-2.186445303050889244e+00 2.488482022875356137e+00
-7.426048619029010367e-02 -2.452942710973718299e+00
5.969570242327308929e-01 -3.877925047389719992e+00
-1.496396471654234617e+00 1.896210484040224742e+00
-2.955833270176171923e-01 -1.894874067534532358e+00
-1.662201879943004501e+00 2.000634784052617299e+00
-1.414860199265354002e+00 1.832970874868901756e+00
-1.911987542645324778e+00 1.753704487239177601e+00
1.249621423671654075e+00 -3.260789841792800292e+00
1.261199949831413480e+00 -5.814878524994170350e-01
-3.418209904757649187e-01 -1.932043992945404742e+00
-1.422131919315104298e+00 -1.752892292472985336e-01
9.217386708571243537e-01 -3.071281171881073302e+00
-1.992083080451997779e+00 2.464806317266976521e+00
-1.425873642946452469e+00 -8.640313827041757877e-01
9.891755745733257221e-01 -9.171798831608243829e-02
-1.693657706199122925e+00 1.653003189779191695e+00
1.261382852865043036e+00 -5.864653311002979708e-01
1.295941571234715761e+00 -5.430998346107301922e-01
-2.515413278237974559e-01 -1.423979034140981481e+00
-1.651620571360054690e+00 1.899571483618431422e+00
-7.473853302170244683e-01 -7.402292353012025483e-01
-1.737009499530828061e+00 1.912672746322164663e+00
-1.582872423369663162e+00 1.741150722767081271e+00
-1.647993142902496322e+00 1.959088390009698699e+00
-1.160910548966332057e+00 -5.805357958688105446e-01
1.353294918126126900e+00 -6.429048894856724816e-01
1.199778258218835214e+00 -5.079699980098860701e-01
1.144543506531664923e+00 -4.312842161519832018e-01
-7.062889998079948661e-01 7.420907301523407273e-01
6.646732504645114226e-01 -2.574297180119431872e+00
-4.821025091602159085e-01 -1.507855489691396267e+00
1.689173109370674386e-01 -3.389649528612726392e+00
8.178364629686428744e-01 3.453956851551298612e-02
-2.237972294624587022e+00 2.916605069686735607e+00
-4.762513573968808700e+00 4.830634880154800470e+00
6.302846937428618901e-02 3.917489593292899031e+00
-2.159404787632658973e+00 4.746278741954405689e+00
-1.329579855190042181e+00 -5.869948182236419676e+00
4.864583717031162990e+00 -4.904559878566397302e+00
-2.168236348915021594e+00 5.400743604609658632e+00
5.407285763250673227e+00 8.812546574794328791e-01
1.582046546037591206e+00 -6.186537362601622903e-01
-2.481470739623225619e+00 -2.056025455561008464e+00
2.070221472924460571e+00 3.028494353252160209e+00
3.498948524710183250e+00 3.475417713534646680e+00
-4.905526763415715585e+00 -6.695634356902235851e-02
-5.309294879800268596e+00 5.943465878848268602e-01
-7.016339835194758123e-01 4.652450193099596731e+00
-1.789019849375055315e+00 -4.595195802868730084e+00
-4.284099815365969732e+00 3.138127580609666012e+00
1.418616759795132687e+00 -4.786527886526517506e+00
-4.990718326620030787e+00 2.411629577509440736e+00
-5.126843923629677668e+00 3.862320711484274582e+00
2.474906725877954017e+00 -5.023814632297202820e+00
-4.981947430977696989e+00 5.839674942014106307e+00
-1.508750450926555686e+00 -1.552294235197308581e+00
3.753594807090031793e+00 5.366982928606304881e+00
5.832012765874450722e+00 3.040538223107299487e+00
-1.484884973629011284e+00 -4.997991399615974828e+00
3.325762991129241897e+00 7.008509968296605663e-01
-9.093358890362850389e-01 4.876252621136831777e+00
-4.665630212326183468e+00 -8.849874850969019491e-02
-5.863756262790971618e+00 -3.760722960704843132e-01
-5.324360691817951796e+00 -4.574185004783137387e+00
-4.589685038674740980e+00 1.790523625392762774e+00
2.952538551185078575e+00 1.000425181165915944e+00
5.546070581694502621e+00 -1.501553045715551704e+00
-2.571454964617671202e+00 4.423189538273522459e+00
-3.316849937766568335e+00 5.558670473287335767e+00
-5.854146303722203903e+00 5.638545920491669250e+00
-5.482081056593086643e+00 4.693717364376853496e+00
3.324133090355978482e-01 5.915577553431603519e+00
-5.114441223175213658e+00 6.462514128158494131e-01
5.631630427429186625e+00 2.771741300417858156e-01
1.552783657623150404e+00 2.348984267815406923e+00
-5.455072227867212575e-01 1.530696961008761292e+00
1.011771743077202856e+00 4.813896125891867328e+00
-5.454643435902505999e+00 -2.628441724893236131e+00
5.404937808918704789e+00 4.683165406690996235e+00
-5.321189665714447514e-01 1.441591173618441246e+00
-2.671425804226407852e+00 -3.742546083314864269e+00
-4.356191407202141264e-01 -1.759773263687366196e+00
1.003873342210464870e+00 -5.067184356420181501e+00
5.692737691993997373e+00 5.834528933755233737e+00
2.377940568236940777e+00 4.331563961294442322e-01
-2.285668604564067063e+00 3.765540236483383651e+00
2.216774070646550854e+00 -4.048596727861304423e+00
4.931126213926109614e+00 3.870446915078026962e+00
5.397598959503088878e+00 2.708634100660319177e+00
1.360982351229478304e+00 -9.810835645125735027e-01
5.192741800248159123e+00 4.392766674004899841e+00
-5.457375958725727116e+00 -5.683596306032976386e+00
-1.482439597463404368e+00 3.726639969381995598e+00
5.847313551779333096e+00 -4.194997306757661804e+00
1.129568584225621564e+00 -1.429309720427742292e+00
5.638972773775238423e+00 4.105427077628505117e+00
4.059944456533653323e+00 -3.756820824603561704e-01
-1.022165971948018282e+00 -2.719115136831525170e+00
-5.323494040188874621e+00 4.376668515060638143e+00
3.754812109560930367e+00 5.996612079433567999e+00
5.959642044886864554e+00 6.651804672315293487e-01
3.227848982166126035e+00 5.337188758589135773e+00
4.195768688128937995e+00 -3.031822779081628116e+00
-5.934703762788782200e-01 -4.450087018182060206e+00
5.448612327104669362e+00 1.274095613410560546e+00
-3.256286333958447354e+00 2.060408212870280309e+00
1.417538885494749934e+00 -1.702047383605913566e+00
-4.637308893604451754e+00 2.058878347113594742e+00
2.436924108455196247e-01 3.267820700827671843e+00
2.419620133439206455e-01 4.226178003822480989e+00
6.228820652938260594e-01 7.312556584246348024e-01
4.519843231900139813e+00 -1.158205605451235520e+00
-4.391817258592311646e+00 -5.654607884239932325e+00
3.061647068083427570e+00 1.443714616241575932e+00
2.448957217190683266e+00 -3.444430061893071215e+00
-4.363542292958762836e+00 -5.825464011985417301e+00
-1.792949294320836273e+00 1.079012242255597442e+00
-1.293071458803211726e+00 -7.503009357152512493e-01
4.849904333924980548e+00 -1.820934395720396282e+00
1.678738699177291238e-01 3.403836152893717326e+00
-1.241486612144758084e+00 1.465040402734482328e+00
4.348364504960942512e+00 5.394247483891705386e+00
-4.235118228851544764e+00 5.119051501937931903e+00
-9.460448304554169852e-02 -2.901067340412499806e+00
-4.903709251408638892e-01 5.760390903425724574e+00
-8.858287208556525627e-02 -2.054980676549901464e+00
1.600810251800709239e+00 -3.118252574661683152e+00
-5.089640062696032530e+00 -4.453443337072209296e+00
-4.463449932506730278e+00 -4.177167677852468231e+00
-4.334073928207078374e+00 1.690496937638575226e+00
-3.817438987210262091e+00 -1.851992600113641529e+00
4.761460918872142400e+00 -3.124603168455317714e-01
2.010692862252327018e+00 -3.932161545580441953e+00
-3.692531774295950697e+00 -5.509576604802253641e+00
