-1.816724506932048788e+00 1.355418330336166211e+00
1.711669201410489061e+00 -1.517180983927804094e+00
6.754846766446911399e-01 3.898724390453080613e+00
2.400170867214650006e+00 -5.601902715430020496e-01
3.715020241944181567e+00 1.486857971026900982e+00
-8.151062465927567668e-01 -2.130373114983750593e+00
-9.811721520557055154e-01 -1.779045847305618988e+00
-1.687412908266433531e-01 1.816274035515160312e+00
3.726064570726382308e-01 1.912523293423335158e+00
-2.258194510112954134e+00 7.036695584627497002e-01
7.227705035775225939e-01 -1.890057984227686338e+00
3.398765029708556096e+00 -1.687294815562138339e+00
-4.120197048972284115e+00 3.527645368592619013e-01
3.698796198171496741e-01 2.085072268031736176e+00
3.899134531758110978e+00 -3.366376859376055131e-01
-8.564421406751039356e-01 -1.667253452180609941e+00
-2.606803893143048612e+00 3.389289863506081524e+00
4.023489940665718301e+00 2.135526379657869678e-01
-1.320088970242680126e+00 4.034093779490019571e+00
1.552409958207818352e+00 -3.689588792103792869e+00
-2.367297045191138594e+00 -3.838928167228430333e-01
1.607377148675144474e+00 1.344089211021355368e+00
1.106419675554259019e+00 1.681431057138371266e+00
1.233605819612264121e+00 -3.748104767219671452e+00
-2.254941364086730182e+00 3.594670602482887389e+00
1.745214885459956289e+00 -5.376716078670735754e-01
-1.099044878355755372e+00 -1.542244923037522808e+00
1.918649359810994381e+00 -2.933948120394724163e-02
-1.682718742257865163e-01 4.167701875872569239e+00
-8.537390010602385892e-01 -3.769629650371455920e+00
-4.079655677883240905e+00 1.139155227024851585e-01
-7.103005698071952478e-01 -2.117566623389314895e+00
1.072871436897387731e+00 -1.806583350325387860e+00
2.931177948580258041e-01 1.856933582460896126e+00
-2.970089500807036931e+00 2.948687270443408615e+00
2.092332755105998920e+00 7.647708825475260097e-01
2.005958679912273723e+00 1.329878390536201938e+00
2.077521694808667496e-01 -1.989644849608293686e+00
1.540765821641752575e+00 1.120172289938550225e+00
-1.867948982108179612e+00 8.803422651340161442e-01
-1.023731851174602303e+00 -1.828875446972934027e+00
2.095825310637863481e+00 -1.006796056213239560e-01
-1.895836473060063865e+00 -6.119912427883720252e-01
-1.850527652311038385e-01 -4.174491909941885126e+00
3.580038542423298331e+00 9.535888823275866510e-01
-1.408027281616964999e+00 -3.611850545436411597e+00
4.924560205924240486e-01 4.172562034231129147e+00
1.773579975078155790e+00 3.673348170064521412e+00
1.940926384423771411e+00 -3.104102790973854553e+00
-1.865291860947309699e+00 -7.865682994643224957e-01
-2.501429714443217933e-01 -1.799875504106407620e+00
-3.104501880323768059e+00 2.404806577318773009e+00
-3.415071026408165622e+00 1.798295452783256865e+00
-1.963251127425621023e+00 1.265181048763924343e+00
-3.660939853025347190e+00 1.373331708092349279e+00
-2.037975298317018513e+00 5.005065894697109385e-01
-3.753191179362397101e+00 -1.300553193942759256e+00
-3.653230325968878311e+00 1.328551176956774604e+00
-3.973143811367994882e+00 -8.636538612616175836e-01
3.813230794221414754e+00 -1.314418515614622418e+00
3.155587577561986823e+00 1.843734431635257076e+00
-1.895921953955288952e+00 -3.433200843405895264e-02
3.825068492520582453e+00 -7.427880335991784433e-01
1.818515509646426942e+00 -7.098363164508461054e-01
-1.514322340684947310e+00 -1.031941968098579965e+00
1.872349827466135208e+00 8.195207365201956362e-01
1.753192280303423445e+00 -1.456820556757460583e+00
-4.280459954602209294e-01 3.801308632644147867e+00
-4.328174681649906042e+00 5.798140878078017479e-01
-1.893341753130817207e+00 1.347679200609962713e+00
5.043839730770920404e-01 2.058388285349052715e+00
1.799541687713484217e+00 -1.083797802301445845e+00
1.795722899592470667e-01 4.167190399736473871e+00
6.481432456204838655e-01 2.201012568924473722e+00
1.898559031630986826e+00 -5.894113983830849834e-01
2.866836321085754147e+00 -2.402726266808498767e+00
8.565210215800366234e-01 -1.989529093741256194e+00
-2.596974430295323710e+00 2.435058650977116379e+00
3.328687907724278805e+00 -2.342986608810737614e+00
-1.802790566891804502e+00 -1.146278623453177659e+00
-3.838064930412637299e+00 9.397811973745876513e-01
-3.634320422750670687e+00 1.094666784828463468e+00
-2.140748107499814701e+00 5.283910711808486038e-01
-3.491441881246768020e+00 -1.696826699530488369e+00
-2.511091586402139919e-01 2.164170492558167513e+00
1.105246135894203396e+00 1.388664617090584974e+00
-6.885979172527698089e-02 -1.826782558038002158e+00
4.071825103675710267e+00 5.747231077139632882e-01
-1.889980922898936377e+00 -3.010637854741585184e-01
-1.177548522067551895e+00 -3.684847500049112323e+00
2.266576642094420890e+00 -2.474231501294116287e-02
-3.725140890838025687e-01 -2.084769789335907397e+00
-2.694943252416229118e+00 3.081152454895396797e+00
-1.801972598873207154e+00 -1.477959682607105085e+00
-2.046192144379213040e+00 2.676837478383828905e-01
1.221437304594529483e+00 1.381839187040526884e+00
1.562476198364608937e+00 1.191331972563949737e+00
-3.938982675733610606e+00 2.002166067788709314e-01
-1.264316180315630422e+00 1.173131513526111114e+00
3.979486160784514448e-01 1.905319871565836154e+00
1.553351309491702414e+00 1.089733522083377926e+00
-2.116852509803993421e+00 1.271469307406467297e-01
3.356737676498759537e+00 -7.287024100431667151e-01
-2.178678519945456582e+00 -2.952821525709667383e-01
-6.551524847430331144e-01 1.489678260786616582e+00
1.579670614085938229e+00 1.293862701286329964e+00
-2.267430694157590576e-02 -1.844356536693919413e+00
1.772531172164995672e+00 1.583498321138502307e-01
4.440627788526168018e-01 -3.914944746813005860e+00
5.249888030803608885e-01 1.805851276730893629e+00
-1.691910880283709284e+00 5.332395962471686568e-01
-4.044418109670759875e+00 9.232326685821689027e-01
4.170586469210039837e+00 -1.121091323522537542e-01
8.597997505357510839e-01 1.729312947135627887e+00
3.837718110416520556e+00 -7.749302277913456827e-01
-1.318805077855521812e+00 -3.771374783946840115e+00
2.984921655509029215e+00 2.559384719562610044e+00
-2.801020392604720577e+00 -2.793940113590229757e+00
-1.515581864993946315e+00 -1.586925236639204151e+00
1.072108870555745552e+00 1.905866609484887952e+00
2.648674721568783585e+00 -2.313480093439301832e+00
-3.355821643192470560e+00 -2.312430075064042079e+00
-1.458999765929972714e+00 1.428218628817012448e+00
3.956634480855538705e-01 -1.627748991768855458e+00
-1.473429540617987366e+00 -8.754758429056976876e-01
2.294244848834015027e+00 -2.663289237252413066e+00
-1.559196476664281406e+00 -1.594807873069034487e+00
-1.745895587358797796e+00 -3.366211824508342332e+00
-3.947358818819085347e+00 -3.577975338953887086e-01
3.489712257927697792e+00 1.491811735374081405e+00
-4.094795867131912459e+00 5.754359188194346775e-01
-2.345256941718499577e-01 -4.266361839816734225e+00
-1.508166588550362563e+00 -3.180849588006646300e+00
-1.990903275139069839e+00 -7.743303630594249309e-01
-1.353056817903024012e+00 9.775898688768693834e-01
-1.575160696674199778e+00 -1.571441511478016251e+00
1.393846918232546805e+00 1.494867957237576261e+00
-1.989178185160928924e+00 -2.605804130243908889e-01
-5.901888659101870438e-01 1.980090318482611744e+00
7.912395973486530121e-03 1.565647018712507998e+00
-3.125598979507793196e+00 -2.408769227076001940e+00
2.097608404199537979e+00 4.138258123168969682e-01
1.574440242935599477e+00 -2.206742559772393308e-01
2.169901679962470631e+00 8.613920485660422899e-02
1.614140162197211348e+00 1.584932316262683383e+00
-3.851473665825685178e+00 1.294666720734804377e+00
3.005796562366329638e-01 -2.080342849778681558e+00
-3.500451723626813449e-01 -3.976194961907687730e+00
-9.775282319824145638e-01 1.819784420648654644e+00
1.533689230598192399e+00 1.040431214491288614e-02
1.706385389032205602e-02 2.110733999694156093e+00
2.901613367940930610e-02 -3.790123875263551767e+00
1.634044810254166702e+00 3.958155504283851656e+00
-2.435976468896531522e+00 -3.718705309330731179e+00
1.261500436890103938e+00 1.571760660210641536e+00
-3.576691340300092836e+00 2.129027161950750369e+00
-2.050460659068201963e+00 -6.983068545714825603e-01
1.968492608427645063e+00 7.070749608567167277e-01
5.897572848957554070e-01 -1.715062772169729799e+00
-1.012490797915822638e+00 3.871502786218356640e+00
-1.413445316536043883e+00 1.131010759551416056e+00
9.402326421848460347e-01 -1.825092863290026290e+00
-3.604650618992816469e+00 -1.987547905403936443e+00
-1.388689483530598290e+00 -1.507333850055529112e+00
-3.670619210550079892e+00 1.801851719738455149e+00
-1.920964107062243409e+00 1.466491623512593823e-01
1.514621100598512626e+00 1.997777011957940552e+00
1.694957278966409131e+00 -3.585555491322641952e+00
1.337948194679163816e+00 -1.255443198890328294e+00
2.062698910466250979e+00 2.413615080328064266e-01
2.934043177873434161e+00 2.386193857081492453e+00
5.374647524169594570e-01 -2.046091004726033447e+00
1.139718194603194901e+00 -1.583097021029527207e+00
5.882731665602347615e-01 1.891521035508193949e+00
-1.852916441546524906e+00 -9.919686694535932991e-01
-4.049260090917405464e+00 4.538236411058764186e-01
4.158184080656510240e+00 -7.240361758063434960e-01
-7.943303204855688415e-01 -1.997192681143572734e+00
-2.162878569616721869e+00 3.086298404636022674e+00
-3.996880472056423272e+00 -1.235158758786726763e+00
1.246908985253281310e+00 -3.958758551919473678e+00
-9.681050651515814565e-01 2.062263903702978851e+00
-2.661569116135147350e+00 -2.932026309876877512e+00
-3.586798822629337025e+00 1.552636304360994979e+00
-3.467717324660910538e-01 -1.994791185295895497e+00
3.122934828826466336e-01 -1.919764518082199833e+00
1.575819626311251387e+00 2.203904184680272049e-02
-4.033464349406921667e-01 4.103050416074956352e+00
1.338055094606388495e+00 -1.405416535510329190e+00
-2.661898519433768762e+00 -2.693868770291771852e+00
-1.635146236536100028e+00 3.896360790538817565e+00
-1.457233492986142576e+00 -1.724726129294020582e+00
-1.789620474996405308e+00 -6.372563222413594186e-01
-4.060078886099527828e+00 5.580777728653165681e-01
3.331517558336773099e+00 1.553126084857710865e+00
-4.113702125935560616e+00 5.891152801783459125e-01
1.613331560778110907e+00 -2.129398423481521641e-01
1.536471596083104130e+00 9.075865563894236487e-01
1.438257563145941109e+00 -8.043491019515940366e-01
-2.212955117597780408e+00 -3.597257769056479315e+00
1.373389539071748544e+00 1.054665762537946971e+00
-9.857589113941538361e-01 -1.365491527737384692e+00
2.607382556149712816e+00 3.003686861414225806e+00
-1.929190464341537403e+00 -6.193553139189004186e-01
1.168424483158855054e+00 -1.968123492009536291e+00
-2.111948617422960695e+00 8.389701026856235533e-01
4.287708472287818040e+00 -7.731476191502966167e-01
2.572899151863188294e+00 -3.018573147126217826e+00
1.471661882159601253e+00 1.230083149789864772e+00
-3.658665520287305295e+00 -1.154064115730342177e+00
1.990323544000117018e+00 -8.056005517227270429e-01
-1.214445037559993334e+00 1.649323569586936600e+00
-4.191086291632155181e+00 -8.217185870957490756e-01
-1.437321950902091361e+00 3.876845794765591435e+00
1.990462625793847584e+00 -1.651825177089975560e-01
-1.587692333752662055e+00 3.668015181974737082e+00
1.819427375035370442e+00 -1.328841296910113767e+00
-3.403510161919113486e+00 2.773500430819131779e+00
4.757028663605350483e-02 2.024401308016731349e+00
1.010200438594702321e+00 1.589951039784671227e+00
1.574930330987470040e+00 -3.830338164797140177e-01
-3.041760854858488017e+00 2.427964531341856080e+00
-1.854493998723361070e+00 -2.594158277205524388e-01
2.059942139654991067e+00 8.251005024209037142e-01
1.689036022841738260e+00 -9.836385219437050464e-01
-8.577349574484349759e-01 3.989962981649145757e+00
2.565114115991640187e-01 2.140440444305612200e+00
-4.024748851905830094e+00 -4.638326733464346319e-01
-1.697573279807362168e+00 1.299747119966449871e+00
-3.675146393103609910e-01 -1.864179575561439650e+00
3.786666231223022372e+00 7.297700557068794724e-01
-6.722068311447164657e-01 -3.885203196762255118e+00
2.138469406575512988e+00 -4.642939218583139183e-01
1.286684685371984660e+00 1.478258190876347244e+00
-1.892174601309609017e+00 8.294249885596587379e-01
-1.754416779828904538e+00 -1.353528359521415592e+00
1.626054268522681312e+00 -3.788276851696938063e+00
2.326209642448373138e+00 3.479716614345342407e+00
3.924390454741548240e+00 -1.133638000459683104e+00
-2.755846798769336914e+00 -3.045614470197191448e+00
-1.066966706628674988e+00 1.507420130176277961e+00
4.225958866977785000e+00 1.035020366363659905e+00
1.760967895257574245e+00 3.615369996547321385e+00
3.595873990318358970e-01 2.099360455564746708e+00
1.349621888572908990e+00 -1.499545714450091438e+00
-1.664792653810627687e+00 -7.475274483060347919e-01
-6.080709811557973854e-01 1.833524530195198787e+00
-1.805939411518226789e+00 -7.242762550110340980e-01
-7.891171202934197382e-01 -1.833107173974098947e+00
1.531420568422257489e+00 3.534962098797051588e+00
-3.042204144168357161e+00 3.132013461559066680e+00
1.447037610942211033e-02 -1.675804368360695795e+00
1.577981459342668868e+00 1.139142872708054810e+00
1.630931645616152226e+00 -9.359281141815685157e-01
1.040434815820980852e+00 1.712223850166234129e+00
2.787658196598484128e+00 2.480621520663564006e+00
-1.379421173514964849e+00 -3.858233241865611785e+00
-3.659089400817950644e+00 1.704162386893177672e+00
-3.904160374933043798e+00 -1.235144732385963007e+00
-1.563734700397411359e+00 1.026289006404721649e+00
-2.573148650674421223e+00 -3.033626601431004044e+00
2.677988004958257839e+00 -2.887090861435182010e+00
2.292680557705163658e+00 -3.353362255161941086e+00
-7.203942699548757655e-01 2.223381391642105243e+00
1.374372490421185811e+00 -1.669490537853287382e+00
-3.240596232761001172e+00 -2.233630341889683901e+00
1.562112321776738533e+00 -1.476869464987955016e+00
3.438696255413946079e-01 3.869879460647986491e+00
2.498700725380515575e+00 3.034343031026378590e+00
3.914973432025728339e+00 -1.205862783916828107e+00
1.656174483779549789e+00 -1.514517220672765951e+00
5.570273636490165048e-01 3.948082573706804155e+00
2.893235676685489643e+00 -2.824568254726802508e+00
3.378230381367654189e+00 -2.091357509871667464e+00
-6.435409073674442926e-01 4.422996707219194690e+00
9.408632270032235567e-01 4.328213368549713280e+00
2.012186765227887530e+00 1.219469609276793376e+00
2.093419467749377816e+00 -3.531363253551301096e+00
-3.969602010140536930e+00 -7.321512373348957325e-01
-2.022941253905425896e+00 -3.409147167268954171e+00
1.607064490318186545e+00 1.352631616583896745e+00
-1.604838783964002147e-03 3.780551344531453140e+00
-1.111410938187632480e+00 1.733692476799229887e+00
4.142596938693304587e+00 2.477709490882901155e-01
1.405353041952373871e+00 -1.613507574777787612e+00
1.597536212488922525e-01 2.353529693229803321e+00
-1.702708915791944611e+00 -1.332772679566754270e+00
-1.689798797417976450e+00 8.987694470561905513e-01
-1.927734908184321139e+00 1.391359745348147881e+00
6.612617505798248363e-01 4.125507441373793327e+00
7.434623034881064907e-01 -1.781478467112614927e+00
5.172692786492358863e-01 -2.124514839932179822e+00
-3.870604718000335787e+00 -1.674082595034159571e+00
1.657827602101531683e+00 1.149281258341406042e+00
-1.810401423194079706e+00 2.109032524955639365e-01
6.636299557890730227e-01 -1.894373416698588608e+00
-1.446388487732412464e+00 -1.325407691009547584e+00
-2.213380444878103592e+00 2.484955800524945024e-01
-5.414655500390705423e-02 -1.871900842917844976e+00
1.821508327262082449e+00 -4.042561891437938648e+00
4.049078612749839934e+00 1.067753974310969634e+00
6.611441399911388572e-01 1.865964833708802617e+00
3.731957809383540936e-01 -4.041727767940724192e+00
-1.710852789093572301e+00 -3.835088484934699338e+00
-1.536486096880170571e+00 -1.210870294098370881e+00
-2.626810256153466305e+00 -2.467513445375851600e+00
-4.778671000586027229e-01 3.740581903320682855e+00
-1.622480733617969850e+00 4.577385463405421184e-01
7.929434086191642361e-01 1.784339417240437209e+00
-4.063222951490491619e-01 -1.647843971026536902e+00
-2.898382065444378597e+00 3.517897228540371124e+00
-2.480452946774240885e-01 -1.960986925987081575e+00
1.217046324506463995e+00 4.357277664544560558e+00
1.663259585941833318e+00 1.223283642287988471e+00
2.592206550728792358e+00 3.209333949576866907e+00
2.011216657104382133e+00 -8.991257629752630320e-01
-1.762796841034135475e+00 3.697457260677736723e+00
-4.907392661592322458e-01 4.405621257505225152e+00
7.387899449510386685e-01 3.944485867356268827e+00
3.441686099791021025e+00 -1.218700001283522516e+00
1.928035783971911998e+00 5.975089051673199148e-01
-1.519845848629088891e+00 1.378471974666976907e+00
2.073578340456312841e+00 2.970212875047004153e-01
1.746590232578610458e+00 5.594423706562814957e-02
-7.203566500961455787e-01 -3.777005966739550136e+00
-2.843272192909239937e+00 -2.628916456386023004e+00
-2.500111988408163510e-01 4.139647921385254392e+00
3.482632752778145768e+00 -1.419014119425136000e+00
-3.699687216229518683e+00 1.269128553355624023e+00
8.525995494605831393e-01 1.707338757828561260e+00
-1.450884496167638593e+00 1.281397425927681910e+00
-3.492756480092412463e+00 1.923567631123894284e+00
-1.454691607461404690e-01 -4.054793955892511903e+00
1.229553519168596676e+00 3.482893074340457584e+00
-1.783005425044909664e+00 -9.964851843929560804e-01
-1.344435102732317588e+00 -1.271178321841477832e+00
-6.440638651822625516e-01 1.858204864907574638e+00
-2.157220125907746144e+00 -3.526885929726955027e+00
-1.678553824563103980e+00 3.889864119520862307e+00
1.037694522958023891e+00 -3.916219372639550667e+00
1.811104388847166069e+00 3.483992791467125372e+00
-1.050895788191900770e+00 3.562132801850308450e+00
-3.807186043173697243e+00 1.344059713644015552e+00
-1.869951874743679854e+00 -7.064757030311716868e-01
8.300162183430008778e-01 -1.908503156860320793e+00
1.822316482201760790e+00 -4.015145875830764766e+00
1.303017443469380310e-01 -1.713671965158364952e+00
2.443228861943585351e+00 -3.829126063982932315e+00
2.169785307712238431e+00 -5.217181600388431928e-01
3.734999792599051904e+00 8.101077017336604236e-01
1.729509207474662080e+00 8.209959102457238256e-01
2.313788977954459813e+00 -3.034485456681172089e+00
2.084035756921557070e+00 5.641188896213279458e-01
-4.235159172269866268e+00 6.272655369832827454e-02
1.793380818493849782e+00 3.863083317869083544e+00
-4.180687195705729664e+00 -1.145592320444947854e+00
3.914371675870751410e+00 1.383743681601015352e+00
4.180682006722301836e+00 4.017690226852880242e-01
-4.055234919031599716e+00 6.473479619093502890e-01
-3.929978364079375286e+00 -1.709581681429634403e-01
3.692655573471093078e+00 -2.436314898409619900e+00
2.019252378438769036e+00 1.278036955738371061e+00
4.136674008467320363e+00 -1.080575775489735602e+00
9.653921533389498988e-01 -1.562221386678746882e+00
-7.115018320895978299e-01 1.610647806896289502e+00
-9.430135927606316804e-01 -4.072557960189790549e+00
7.744327657636713713e-01 -2.076139595279933747e+00
-1.598403762871078104e+00 -3.609582994238133669e+00
-1.547476001090254627e+00 1.323579143699656901e+00
-2.179599947754137790e-02 -2.085170066669323585e+00
-4.459545004598728379e-01 3.727768910296255456e+00
-1.921797377964373776e+00 -3.516235700001535402e+00
2.453296361967233774e-01 -2.127174786470632295e+00
5.735886604794894206e-01 1.770492852224466063e+00
-9.023432646872069363e-01 1.664980648998391377e+00
-8.956884892257714892e-01 -1.853974111628347687e+00
-3.067288485986283675e-01 2.108829017034350439e+00
-2.109591483761206754e-01 1.806393481740205198e+00
-5.817142911547872330e-01 1.799944482028460913e+00
-1.826803054045904817e+00 -3.838683490405701448e+00
-4.397376746937585734e-01 -3.881973270633262363e+00
1.774971782690569322e+00 7.024336229697597522e-01
3.620760263901876108e+00 -1.617283520023823140e+00
2.286510298395731056e+00 -2.644203221124379777e+00
-3.572424016293582305e+00 1.297862255859906444e+00
-4.207262188701847094e+00 8.140541441209864226e-01
3.123596938735520578e-01 3.709229049161540281e+00
8.724549956014457930e-01 1.924833521018035620e+00
-6.123870890280800339e-01 -2.198228502771568227e+00
-1.912238517333407328e+00 3.422692132271015097e+00
5.216131811695569054e-01 -1.939312578054821046e+00
1.739470814513499386e+00 -5.980742609769265083e-01
-2.261213347281227026e+00 -3.220422225360370483e+00
3.484552490408632686e+00 1.977658692374809846e+00
1.922616547391775788e+00 -9.024131599705229601e-01
-1.984166634024692843e+00 3.495899628931334324e-01
-7.828839589683440625e-01 1.795929935886087403e+00
-3.873846453100990850e+00 -1.949208816771124564e+00
2.242698762701374804e+00 3.451919393082183984e-01
3.102114002237304380e+00 2.928861978492911966e+00
-2.005608271509778717e+00 -6.664270742037559092e-02
1.939100529725289901e+00 2.902586861791575323e+00
2.786568708183828846e+00 -2.586147055894846947e+00
3.194548852475317169e+00 -2.702388728348304348e+00
-1.832280735670743566e+00 -2.394828822322462303e-01
2.059966121800423267e+00 -1.526250267587647980e-01
2.960517045039700701e+00 2.743416263295528790e+00
-4.725256438865867992e-01 -3.799175548964835780e+00
-9.296513107756210204e-01 2.162919533047106047e+00
4.207064734285012597e-01 4.191001756829839664e+00
-1.786638824918577173e-01 -3.923907609860783019e+00
2.041438568025825795e+00 -7.115552994403393505e-01
-2.527137050386546679e+00 -2.924600103033200060e+00
1.837281291666264860e+00 1.025585368803679565e+00
-1.470380506555956535e+00 -1.269780061993409648e+00
3.746464197059718781e+00 3.456366856950226496e-01
-3.829138531081653252e+00 5.619262620239259265e-01
-1.585848851732616360e+00 -1.483869849795310891e+00
1.770245927451689516e+00 9.476667941463037259e-01
3.731829855111803429e+00 -8.834729429925493038e-01
1.453323177130613653e+00 1.383917017250219761e+00
8.004291156484901748e-01 -3.543890270994146441e+00
-1.134602161023264388e+00 -1.483857153760566705e+00
-3.619766229064691032e+00 -1.414557377113266456e+00
3.212056985848418034e+00 2.694540219299439876e+00
8.111712001970837471e-02 -3.628863357478808727e+00
-1.128351887269118059e+00 1.838715392733493603e+00
-1.096751834016216565e+00 1.155900860034284161e+00
-1.265120422295176628e+00 1.699309614139747904e+00
-1.633803208679533769e+00 1.099225938313206141e+00
-1.140728312690330259e+00 -4.057671744569502970e+00
2.127492393109255531e+00 -8.209572254648148659e-01
-3.932957429254503534e+00 1.380642921860232075e+00
3.574081939098491478e+00 2.210684687796387493e+00
-4.117424297011087475e-01 3.944122037546601511e+00
-1.952522980890497362e+00 -4.553421454933398449e-01
6.726187497706110907e-01 2.212451492276515719e+00
2.005207385407200782e+00 -9.588420771361516604e-01
2.146787539406848744e+00 3.060690472790707162e+00
1.121835406169806815e+00 3.713611960881344043e+00
1.968922745671469965e+00 -3.515231684449481975e+00
-1.522123734941640105e+00 -1.328031126245212024e+00
-1.442852499192504023e+00 1.809266106897649218e+00
2.108930758848450271e+00 -7.537953677618037807e-01
-3.200770509397505847e+00 2.604095508492910493e+00
1.391993312951472994e+00 -1.081573799637457256e+00
-1.155520448476222706e+00 -3.562085324372826101e+00
-8.487597497494049348e-01 1.838176870284176756e+00
1.370985472732314969e+00 -4.134529664440363739e+00
-2.451844729740208617e+00 2.909636549697686814e+00
3.822126214534266264e+00 -8.909572282379355501e-01
-5.607176652948040463e-01 -1.814241870805215040e+00
-4.176904737873051943e+00 -1.748964404836453601e-01
3.025554565787472949e+00 3.035919838702250129e+00
1.028507913251820671e+00 1.844121368532845029e+00
-1.865698970471948215e+00 -1.249155154697785708e+00
-2.199863355677971199e+00 -1.121104281096620969e-01
-2.111268419875108826e+00 -3.338117735636563221e+00
1.995207393010590469e+00 4.733698205812914006e-01
2.631641959762337279e+00 3.103520127316413024e+00
5.644448885870262389e-02 -2.191798033650297128e+00
-3.708000456077265472e+00 -4.400914304787550968e-01
1.830984954744359072e+00 8.499019563660235033e-01
2.788658899335095809e-01 2.200832767886124586e+00
2.088152825011662106e+00 4.540864138867961586e-01
1.715084522895309105e+00 3.376545701355417872e+00
1.057915745607506786e+00 -1.998046356906219678e+00
9.197615458583774384e-02 -3.571450913901054847e+00
3.657282792809343430e+00 -1.407813363672395290e+00
-1.939269366662150329e+00 2.288340477021606478e-01
9.097076483268849989e-01 -1.711898184908578813e+00
4.246612362630318493e+00 -3.993481052490233107e-01
4.248381367897051675e+00 -4.631906526552753700e-02
1.174405963757808036e-01 -1.761243584369376114e+00
-2.794661455640967129e-01 1.403991991945368945e+00
-1.793198208624113388e+00 2.852633917523960672e-01
-3.051243712309889666e+00 2.238544368531701245e+00
1.456074593013919616e+00 -1.459939917367041318e+00
-3.361030185777547530e+00 -2.976752356222509999e+00
1.383414572479863859e-02 -1.514692890912310741e+00
2.260826113570236107e+00 -2.819035830625746808e-01
3.733203386200449891e+00 4.153436405292554312e-02
-2.276008210115909147e+00 3.181660628644872979e+00
-2.657534494959964633e+00 -2.865226108564995045e+00
1.572566940003429004e+00 -3.744558345253437892e+00
1.724509320900842635e+00 -1.434285070734894751e-01
1.177865829724120905e+00 -8.027190796383655291e-01
-2.271016717471579405e+00 -3.424061747482109119e+00
2.068044397533329359e+00 -7.312734830461440350e-01
1.447893748077186959e+00 1.441279596361456639e+00
3.604426555767063611e+00 -1.535782547659983566e+00
1.873459104620495586e+00 4.266683538241081708e-01
-2.341379201426255552e+00 3.003766548844273743e+00
6.310920737244722911e-01 -1.772936385544558568e+00
2.630342166818994798e+00 -3.166758806631876588e+00
1.192715631752678362e+00 -2.408160253114008942e+00
3.606440347765885512e+00 -1.404585531633168571e+00
-1.112551464206833485e+00 3.648005138737645314e+00
-2.718874462356917210e-01 -2.027912024480295283e+00
1.921643170715874538e+00 -5.188517391303582027e-01
-4.063082694199793288e-01 1.735976979543933041e+00
-1.615902004055719487e+00 1.169041087194526263e+00
-9.260316112587221316e-01 1.486092775984622083e+00
-3.906250512296132182e+00 1.332110449496316518e+00
8.387250059565816152e-01 -4.369758101550085705e+00
6.489669655837191353e-01 2.070123900426350971e+00
-1.782174643277388837e+00 -1.285343447138825423e+00
1.163668241651523605e+00 3.935342574175737962e+00
-1.525519491866016208e+00 1.377873930313534556e+00
-2.743676781364792649e+00 2.602680624720755009e+00
-6.217607237426489020e-01 -4.015715303633616173e+00
3.527324883849508375e+00 -1.372886360753012847e+00
-2.870794314922483714e+00 -3.095222066792518767e+00
8.787610333990115707e-01 -4.007552420231695223e+00
-1.503780896142454360e+00 1.661345869936208253e+00
-1.703615761072521995e+00 -9.660420734320930292e-01
-7.451556822513460965e-01 1.756614049859416493e+00
2.399490022877676765e+00 3.579951854640817999e+00
-1.746684223464734176e+00 7.630777050753535518e-01
1.345177477592463811e-01 2.139614905896120689e+00
-1.317271617915407589e+00 1.640399313978984308e+00
-1.644267442905446908e+00 7.574628288902091056e-01
-4.197570526429311499e+00 -9.445855087701775510e-01
3.244299143702416899e+00 1.811482422364744105e+00
2.329830552178676850e+00 -3.258473999814730071e+00
-1.089934549954120424e+00 3.452751969599663351e+00
1.595786378502796810e+00 -1.274424265670414558e+00
-6.241995594584613949e-01 1.838213444919305717e+00
1.846085271037002151e+00 8.416325023876380929e-01
-2.359304494149670806e+00 2.908958299424889038e+00
-2.279204271221930256e+00 -3.408639550136696617e+00
-4.087813822746845238e-01 -1.931698057418367309e+00
1.688821525171642968e+00 1.343297070180639485e+00
-2.121171706410036162e+00 -3.048792454133244512e+00
9.665650477029614773e-01 1.402889732757949703e+00
-3.160699861662951804e+00 -2.347766854035178596e+00
-2.316428094667558835e+00 3.167272426935071827e+00
1.168609755024144325e+00 -4.066312276292378236e+00
3.871620630964079268e+00 -9.365096434251276580e-01
3.312267795515207780e+00 -2.298101076870174175e+00
-3.803641457095659373e+00 1.174776839317993371e+00
9.706595554760111266e-01 -1.685826826503505238e+00
4.082771272478735725e+00 2.855989101756595261e-01
3.591833722809487206e+00 1.903497086770049140e+00
-3.328280753533532921e-02 3.837745087726827986e+00
-2.321003625069354648e+00 3.802184125199751907e+00
3.948327708515156687e+00 -1.257183305950452024e+00
8.832474008431873136e-01 -2.226273531050010135e+00
4.068218300116537733e+00 7.405427080469189072e-01
2.030682119053443646e+00 -3.053294404427470132e-01
-3.640266089449487596e-01 3.662972812460242089e+00
9.809886895251000993e-01 1.831391486405745228e+00
2.825051181905277708e+00 -2.757151925138012327e+00
3.671796164923613937e+00 1.445206036753410972e+00
-3.796222067460317540e+00 -1.692774947525094831e+00
3.719940317955561238e+00 -3.255485295224043729e-01
3.428083113328114440e+00 1.806627572785121760e+00
-3.825555149348607742e+00 -6.152704261932407936e-01
-3.772847836044407099e+00 -1.616492409857996471e+00
1.474248412912135597e+00 1.817956548641858960e+00
-1.567934660132459079e+00 -3.904141553656437225e-02
1.850275307818262327e+00 6.902768512002707135e-01
-1.136798767827304157e+00 1.430718446653702625e+00
2.438574613525699430e-01 2.107642406283715797e+00
3.872577044635796994e+00 1.442940481431060684e+00
2.693329512684969007e+00 -3.092768155554407983e+00
-2.678194640461444731e+00 -2.951582228790836648e+00
-3.295677606636929102e+00 2.047155878156528885e+00
-2.733907380493916239e-01 2.061601816677975041e+00
1.508340160441502764e+00 -4.026371042557096658e+00
2.060075367295011173e+00 4.755201909228651269e-03
3.664392595230399507e+00 1.100487850752732255e+00
1.156015571394516828e+00 -4.099832250809851253e+00
1.978749904245288571e-01 2.000197146615184884e+00
3.577492498379984953e-01 -2.375928958863530838e+00
1.483080628281645330e+00 1.438578558629192372e+00
-1.263095928063960205e+00 -2.217523468372463835e+00
-1.815942768160331511e+00 -1.307151402008819518e+00
2.135861829427018410e+00 -1.572871792168391014e-01
-1.016423432277421712e+00 -1.568599704204431067e+00
7.515593391433835757e-01 1.952117519105161847e+00
1.057676168732243793e+00 3.972418569450138381e+00
-3.457268849550915846e+00 -1.646585408365605296e+00
-2.530651854575187265e+00 3.552066754946691773e+00
-1.711841955114315805e+00 3.667367786006401786e+00
-3.335169201681447149e-01 -4.045021626971956330e+00
4.816872295595558406e-01 -3.783960103149490273e+00
8.026551041745294546e-01 4.002456533518606641e+00
2.001795846828377190e+00 -3.751153694607368472e+00
-3.898368729643958197e+00 -1.634221723526211867e-01
-8.998846678724801151e-01 -3.362529289578078284e+00
4.011352651046870221e+00 -2.743636194345169255e-01
3.729576235841658871e+00 1.160001807471117363e+00
-3.909899456847871324e+00 2.482622112074061027e-01
3.568787570528161091e+00 2.238058216486139562e-01
1.569146263790584861e+00 3.353949591976135736e+00
-3.394530148125916913e+00 2.192916894353922785e+00
2.305796739765860082e+00 4.917952015118129960e-01
3.138752359866419539e+00 2.518067213400727589e+00
-1.222635993956904477e+00 -1.480450014488233546e+00
3.629210758612241072e+00 1.973480274224292286e+00
-2.286911465114246367e-01 -1.937246964546302186e+00
-3.767195310760075078e+00 1.142729841449577677e+00
-1.894201674182210304e+00 2.537307065473227291e-02
1.109472368378855878e+00 1.415230773491741978e+00
2.576185968613079691e+00 -3.274551614267763533e+00
-8.640915775304505164e-01 1.617203629434991630e+00
2.519394174450742874e+00 -2.318662376030764527e-01
6.069590373620022961e-01 2.190987863438567107e+00
-1.110994949718649982e+00 2.020251590095164307e+00
-2.173381505197147678e+00 -2.883633441174195400e-01
-2.329467801537519644e+00 1.857386245843167250e-01
2.093699017164085241e+00 3.451440963070221635e+00
-3.903272865923455015e+00 -6.198186129077298823e-03
-1.639198965865749091e+00 8.168209112631938940e-01
-1.396429146234965391e+00 -1.479997502698874978e+00
-3.376896432421537586e+00 2.144411896256488426e+00
-1.586626457565191606e+00 7.293953590461160763e-01
-3.033383790869758290e+00 -2.974023516599539896e+00
3.774650399051087124e+00 2.356487561410184339e-01
-1.345914702962020537e-01 1.928686606274712556e+00
-5.817407505834703008e-01 3.862132202994459362e+00
1.550674470508694114e+00 -5.957044604000003574e-01
-1.084436765689253068e+00 3.503364210579120286e+00
9.859991807947320330e-01 -1.494992064467659532e+00
2.073162487991714542e+00 3.265505635339741364e+00
-7.377607334561658847e-01 -1.803279036605297314e+00
3.486569656588325739e+00 1.641876976840160207e+00
-1.891021227362195800e+00 3.829695850253708844e+00
-3.186733803113988017e+00 2.850132457239997308e+00
-1.662334328464207367e+00 1.687087681340928569e+00
1.877438073458244983e+00 -3.710154228284142430e+00
-3.164581347760774044e+00 -2.495002082981455871e+00
3.472479952286753768e+00 2.788252453979964240e+00
-1.716941150566044128e+00 -1.280379253676471762e+00
2.705808081961265987e+00 2.814007652219001621e+00
1.091183146468401421e+00 -3.915688931424381902e+00
1.470428859575385605e+00 1.890621664026791438e-01
-1.465464227112146522e+00 1.202343542606342908e+00
-1.816232980222110216e+00 1.188974573816026226e+00
-3.719021518141608418e+00 -1.616498450646373097e+00
-2.124116076403931519e+00 5.742550480711940963e-01
-3.956249143687749825e+00 8.118597536932402603e-01
-3.960708827403010446e+00 -1.102777260467678599e-02
1.603383207848324332e+00 -3.653995638288991099e+00
2.076065442681662709e+00 3.754053950313930965e+00
-1.801519509637146355e+00 -8.681484156622825132e-01
3.347473711924159989e+00 -2.036187796117894244e+00
3.054856011126721782e+00 -2.719116438687006365e+00
-2.524714939064853780e-02 2.014579714816405076e+00
1.520221251235585713e+00 -1.404064745824925797e+00
3.937634382706280523e+00 1.169936374935701018e+00
1.538927382803844113e+00 1.751634564097492408e+00
-1.081750377569241417e+00 1.806415785777702343e+00
-2.316897454838597437e+00 -3.389330429288064384e+00
-6.122706727491904477e-01 -1.939374282732066579e+00
-2.080583596970096760e+00 -1.251538369891862068e+00
4.196429583959985443e+00 5.982972190209208119e-01
1.299533961941405913e+00 1.656290888487639279e+00
1.707950034334532852e+00 -1.432760639302646410e+00
-2.233362443331928127e+00 -3.060526343032793584e+00
1.666194943807873585e+00 3.684319803275577954e+00
2.815660238949167837e+00 2.799369554587052722e+00
-3.942562447155476324e+00 -1.751120539838516121e+00
-1.207734761021076908e+00 -4.037251956711028100e+00
-1.936620443987919993e+00 6.846639955272127986e-01
-1.802812515395132986e-01 -4.037867837012722561e+00
-3.779072598224620716e+00 -1.276994411004397367e+00
-1.102391507101506685e+00 -1.828551465385896968e+00
-1.779310300768594866e+00 8.651946012414314380e-01
2.686126544760754076e+00 3.246046270344080220e+00
1.871156902136734912e+00 6.889210043168777498e-01
5.122459969347090136e-02 -2.221682040120480650e+00
8.858328330790082861e-01 1.990138025627713469e+00
-1.786592404653714938e+00 -4.576446385175250708e-01
-1.475340687726391042e+00 -3.915585846132462855e+00
-1.560668363453977747e+00 3.848339984828896387e+00
-4.988427392014385675e-01 2.106529752301316893e+00
3.304256234539736603e+00 -2.797101044098890377e+00
-3.298778071355064068e+00 2.051079405768235109e+00
-1.630972061441713583e+00 9.093564740004824731e-01
1.964180593403633823e+00 7.362250164304642297e-01
-2.386255862671727623e+00 -3.138491678247985472e-01
2.090216828483040690e+00 -3.355424540007485135e+00
2.869585364404657835e+00 2.667937507993570989e+00
-1.821035302841415460e+00 8.789520680936182551e-01
3.147973318767850692e+00 -2.526579308808436064e+00
4.016093414964988284e+00 -3.027001336026490241e-01
-1.993445927697199194e+00 3.253985894305273519e-01
2.020768248429859248e+00 -6.034658766820953923e-01
-1.024092813055222706e+00 -1.844208805389254913e+00
6.186211533182071065e-01 1.642237290840014907e+00
1.361852663345585190e+00 -3.972175336282202984e+00
-1.682022073891725533e+00 1.107171206235526340e+00
3.031217678801619630e+00 -2.372594591664442643e+00
-2.039223387975841906e+00 -9.540553573920401709e-02
-6.203890153561584242e-01 -4.224271676714181467e+00
3.065437275297973052e+00 -2.444330037782775022e+00
5.452872327374569394e-01 1.842858342433068231e+00
-3.253572417126499028e-01 1.542528371905902862e+00
1.930071522956006147e+00 -6.581796948991682772e-01
3.835048291335278137e+00 4.385176500559210822e-01
-6.614285545683831202e-01 -2.010234975216074638e+00
3.780545955545668857e+00 -5.767185216292625149e-01
-4.408741393842890988e-01 -2.438233899627257451e+00
-2.992815501468972794e-01 1.916420218191440039e+00
-2.496961612212178050e+00 2.798207067925392977e+00
1.395387956042402511e+00 1.211405548738252902e+00
-2.145689738815220959e+00 1.659750328928970564e-01
-1.041891554651303231e+00 3.989950425344456875e+00
-1.768269947005117082e+00 6.753224354154624409e-01
6.233633321763901725e-01 1.955844354860081680e+00
2.904559357600630776e+00 -2.500915403110444135e+00
-2.130748933784343269e-01 -2.002203334275586943e+00
1.083735763794490214e+00 3.921007806408903562e+00
-1.558380161063874780e+00 3.670976800028137976e+00
1.863678447738133404e+00 -1.477370191847598102e+00
-1.823606909808897392e+00 -7.981843025742632047e-01
6.280849606880273273e-01 -2.213317505022049492e+00
1.158739688219640740e-01 -1.901800321376788672e+00
-2.386060280728576899e+00 -2.565289860365763674e-01
1.705049947407627497e+00 2.943519923513815417e-02
-2.188747713246467885e+00 1.233334095884576875e+00
3.348720636567562803e+00 1.722704717323306767e+00
-8.437707117927583100e-01 2.046901146423550255e+00
3.470746932417892783e+00 -1.815488220289190435e+00
2.790044390554211162e+00 3.007811932995023252e+00
1.775988529395014837e+00 3.858763203058114932e+00
-4.350126389287554685e-01 2.151783060187702823e+00
-1.820055967425453503e+00 3.292931247832079356e-01
-1.915206714022812839e+00 -3.603849442494949429e+00
2.641502562847307889e+00 2.795922565203599941e+00
-1.009526188557258841e+00 -1.818586398715450914e+00
4.173725983324514388e-01 4.329510850410059675e+00
6.371596630918319182e-02 -1.731605985092381061e+00
-3.475770858072171343e+00 2.271794491460819465e+00
-3.125544763469855436e+00 -2.366372358337667681e+00
8.718758845625298459e-01 1.464793288746746747e+00
4.607835940273898867e-01 -1.789920461531898210e+00
1.800615363946436842e+00 3.017654788903831431e+00
-5.653914076364119357e-01 -1.831205788498226239e+00
-1.271297123635749760e+00 -1.717860236547618991e+00
2.048875263976631889e+00 1.033133586332145026e-01
-3.270407632505427209e+00 -2.513055576296446159e+00
-1.628528330141441272e+00 -1.211400782982190671e+00
-1.344995710435783698e+00 -1.047771317156656723e+00
5.928539394225151860e-01 -3.951437911549217308e+00
3.756423926449007578e+00 6.006873973330193461e-01
3.836102699535374860e+00 -1.744725823234446693e+00
-1.746686705312613608e+00 1.347164986971123746e+00
1.048901913833408944e-01 -2.074775586103878577e+00
-2.582760084189621441e+00 3.360388303818159006e+00
-1.320856192403858098e-01 2.051411740962291841e+00
3.992981068182739790e+00 1.349274278225610413e+00
-7.423028999716281273e-01 -2.110277644713804079e+00
3.277348229914311961e+00 -1.898842900951934087e+00
1.072457240154487845e+00 -2.193089943683442122e+00
2.847288619085108774e+00 2.502410964996799159e+00
-2.676702443669288112e+00 -2.996720259979955170e+00
-2.049561075537107868e+00 3.401987465328463855e+00
-3.424571545120973948e+00 2.303822700310732774e+00
1.994855955069068765e+00 -3.245752731161418492e+00
-1.976955545872644882e+00 -1.019271662087801594e-01
-3.371844277143170032e+00 1.776487275376847474e+00
-1.561296195349268778e+00 -1.640315599866499108e+00
4.264590120229694747e+00 2.902693590927712397e-01
5.581939304981655692e-01 1.940891127449688058e+00
2.478698203211997964e+00 2.871703932017829697e+00
3.703531267728394916e-01 -3.804005074761463323e+00
3.527754953911159230e+00 -1.557379037607272032e+00
3.875015523725536593e+00 1.117933879851238377e+00
-1.473566272634462049e+00 -1.905958067454840643e+00
-1.752047133436551718e+00 -1.193887611607196142e+00
-1.480157212712723380e+00 -1.881864193302152044e+00
-2.775644843930086481e+00 2.923154511163683189e+00
-2.124911054265100407e+00 -9.042276470498306074e-01
2.718354658062585028e+00 -2.997173601419283351e+00
-6.291441367505836713e-01 -4.174151258762257122e+00
6.072478419369782277e-01 -2.234162414235975724e+00
-3.479267934896092651e+00 1.884567297287210952e+00
5.845756202063622231e-01 -3.648162157213484136e+00
-9.097918009561609676e-01 3.981814820557138201e+00
1.436807988535558023e+00 -7.347488803977046956e-01
3.767521651252877302e+00 1.995055709756977436e+00
3.927982458684780465e+00 -3.526989041015314297e-01
-3.427519833946782057e+00 -1.843963676585605782e+00
4.411573765254019897e-01 3.909051105677652238e+00
-1.156037149476780268e+00 -1.470131900290244209e+00
3.038172214481123401e+00 -2.750864783240961398e+00
1.133599287499078123e+00 -1.914177440023546506e+00
-5.166133649331812183e-01 3.925973837412048972e+00
-1.568230317123315842e+00 -1.188692614772807854e+00
2.337417687112445019e+00 3.318630588830292272e+00
2.077564143938377406e+00 3.352420401935312544e+00
2.248988876666027981e+00 2.541513912761070859e-01
1.091758337039449023e-01 -1.647314065439312136e+00
7.034190779777034219e-01 -1.918324225748383682e+00
3.235838563793703937e+00 -1.900646878748717850e+00
2.217826983586797529e-01 -3.939893875582810345e+00
3.006847286363978355e+00 -2.111119253026359832e+00
-1.177210633475006540e+00 1.471359835821288931e+00
-7.166614944946387844e-01 -2.058505270308125912e+00
-1.716350841949253914e+00 8.612147420343496673e-01
1.647529187641726844e+00 -1.216496033056769566e+00
-3.639673523240844588e+00 2.524546625677320577e+00
-2.165677034365094400e+00 -4.886580761326870803e-01
-3.841262366986110788e+00 -7.854681650855420694e-01
1.510373954473772873e+00 -1.619553642500513702e+00
5.706541338591273327e-01 -4.197068179581870950e+00
3.531363090970473628e+00 -1.906179949015944342e+00
-1.979581889579419052e+00 4.234917813773961814e-01
-3.771373684208230603e+00 -1.097811711561573755e+00
9.183399233305838960e-01 1.797814357083832970e+00
1.591559363797792503e+00 -5.799602775057937087e-01
-2.980830288015405838e+00 2.545059063104734509e+00
-1.216192719322133131e+00 1.807840625935334566e+00
-7.860377679735086609e-02 -2.054221367052841973e+00
1.170165409014268798e+00 1.612360150953244364e+00
-1.435643213338865243e+00 4.129167158267816440e+00
9.426517179819802195e-01 -1.497367243113691071e+00
2.024755731667316816e+00 7.467715166441442343e-02
-1.503888615794078287e+00 -3.792307038774649808e+00
-7.080807308870734618e-01 1.874122351008499443e+00
-2.021803573855944336e+00 6.481589081418297205e-02
3.081793894091772845e+00 2.183241825175236350e+00
-2.256247516909301698e+00 4.679196438894117627e-01
-4.090510041545156739e+00 4.357694368611751967e-01
1.447120274132610795e+00 -4.203327066201294038e+00
-1.766435509758289335e+00 4.648944936029180131e-01
-7.620290598053024445e-01 3.673860957147193851e+00
-3.413943384503016709e+00 -2.239253587203354101e+00
1.072063858097551003e+00 1.220557963975785309e+00
-1.228556948015109285e+00 1.488738445108734654e+00
-2.935305755457934929e+00 2.900191189421694293e+00
-4.036033528728589559e+00 6.139085759121408747e-01
-5.050605603872670990e-01 2.086805122887176456e+00
4.326967198433030459e-01 2.048607434949048400e+00
1.910313009726492428e+00 -1.328164546422421655e+00
2.258093955566946587e+00 3.370596465467415204e+00
-1.236665310823882091e+00 3.807459877060409781e+00
-8.456503009785123481e-01 -1.652770710321189496e+00
1.846586053299585028e+00 1.402759859269200549e+00
-2.643664677361306836e+00 3.009385684970862229e+00
-3.468622712039157729e-01 -1.879591998874228898e+00
3.652751283200980303e+00 -1.218154976583082805e+00
-3.675685793718277417e+00 -9.889552513373374154e-01
1.923873143570392408e+00 -6.754047767127602242e-01
-3.144796546728415798e+00 -2.536220680980175946e+00
1.073894246238505046e+00 3.928020277202718624e+00
1.835198979680420450e+00 3.819276736535980987e+00
1.024280270261242354e+00 -1.483748643026495229e+00
-3.313227544373291700e-01 3.832001023161347941e+00
1.398871907604627651e+00 1.576508895560310375e+00
5.348497026822135458e-01 -3.842037671757771111e+00
2.855787888971023758e+00 -3.076957648650823884e+00
-4.268610558896683282e-01 -1.742450140676308434e+00
-3.260025707160038699e+00 -1.894293477077368948e+00
1.320126856174753893e+00 -1.312859906998286696e+00
1.316934435206005949e+00 -9.954215350676911545e-01
-3.926660002049379372e+00 -1.260754198240813695e+00
-4.053367251568770868e+00 -9.538998155975078053e-01
1.211107291912943751e+00 4.084339364263410488e+00
-3.624531688352767844e+00 1.585095536077391287e+00
-8.893090446435235608e-01 -3.737080780191936125e+00
-3.643231875749198156e+00 -2.429793310845651977e+00
-1.674660194568291072e+00 -1.038474575431269420e+00
-3.975716271175129712e+00 -1.212163028078938609e-01
9.317737406395033561e-01 3.511781324377601265e+00
-1.800421040922989491e+00 -3.217379180600032917e-01
-1.554198941952893653e+00 -8.567099913060093330e-01
3.774143388161922186e+00 4.838924456273798747e-01
1.225680319239310423e+00 4.211485848474504579e+00
1.961194791384926805e+00 2.889585071327763210e-02
-1.142273057476053816e-01 -4.156160809552492452e+00
6.626038291546829107e-02 4.394831316169412361e+00
-3.568518669693883094e+00 -2.362597201144255976e+00
6.852009093838473675e-01 -3.869485455307402955e+00
-8.018748274477229820e-01 -4.149493153955739366e+00
3.586116648599726009e+00 1.978518089477529385e+00
1.964759001527092597e+00 -9.365279259072645246e-01
1.962420703400309385e+00 2.590214933239290418e-01
-3.147889294598166909e+00 2.334212752795556067e+00
-2.450932128646283736e+00 -3.132268709166359244e+00
1.418608696372228195e+00 -1.212009000532608738e+00
-3.753007367062501931e+00 -1.500807402337613228e+00
-2.075275251153817724e+00 3.696117642792366098e+00
3.962827010638330982e+00 9.140398533432281258e-01
-2.694442471962544827e-01 1.788743637858316804e+00
-2.167039364466250007e+00 -7.726086413071021619e-01
2.156311373789499886e+00 -6.755594133022231329e-01
3.672914988418320092e+00 8.987288628792882150e-01
8.830249645296638361e-01 2.021404507758769231e+00
-4.121228513906534108e-01 2.017936303073078363e+00
5.351070859826950743e-01 2.094776763793731789e+00
-3.336434589241671578e+00 -2.033943722205280302e+00
-1.799705702824209830e+00 3.538580913594284283e+00
3.189034803467545753e+00 2.455194792466434350e+00
8.108086352653333106e-01 -2.015695771751939702e+00
1.128636116872750339e+00 -3.860274074537540123e+00
2.113618350529062884e+00 -3.516876285682994041e+00
2.486863611760783854e+00 -4.169531485028864282e+00
9.154603220017580867e-01 1.280580556594270725e+00
-9.104319443713677629e-01 2.837330827496673535e+00
5.212404177228178170e+00 5.106822154881315967e+00
-5.899275431504147349e-01 -4.641143449910936525e+00
5.818094387548015334e+00 4.066777037351208435e+00
-4.504047825560798302e+00 5.050102591408467845e+00
4.438756344745538485e+00 2.260566855128658403e-01
1.095305228939150943e+00 -1.211967553558436883e+00
-5.342860334135624001e+00 -1.977633100249189368e+00
3.634241383176137319e+00 -5.944415723944765695e+00
-1.998009939706269833e+00 -1.221975676908680697e+00
4.487472352550749832e-01 5.038267396953125754e+00
-1.843848067608464980e+00 -1.836561577245268140e+00
2.850014977316980946e+00 -5.733847093223136682e-01
-3.304742124720216445e+00 -5.707258064076796700e-01
-4.309715755442401708e+00 -3.883356161925320293e+00
-1.958672712624309753e-02 -9.728946059454255391e-01
4.978150812817201398e+00 -1.651273210600402663e+00
9.670602033365209849e-01 1.587171455034364520e+00
-5.842866520939995922e+00 1.962448464200527098e+00
-3.863568397562982870e+00 5.532843809633462229e+00
-4.216047266962644535e+00 -1.024510515275714795e+00
-4.975803983056273694e+00 5.962491022151368725e+00
2.634012397491147794e-02 1.144620207840524984e+00
-5.195082271338870683e+00 2.999525644790132617e+00
-3.481132882852970845e+00 4.776651473288564986e+00
-3.538324314215913979e+00 -3.711747352036001146e+00
-5.561403985822861884e+00 -3.351966586800090298e-01
7.780935991513970862e-01 -5.211496326859771600e+00
3.306331400340127402e+00 -5.605339830236690801e-01
2.926832319309600194e-01 -7.108470367412618174e-01
-1.190843269496088652e+00 7.156839756986146384e-01
-4.137117048831449928e+00 -3.816862434056746523e+00
4.341427452162207601e+00 5.353385545603593698e+00
-1.520288204642964658e+00 -2.751063922277354745e+00
1.727994518868189111e+00 -1.095189946822843652e+00
-5.695363732075861662e+00 -4.126168831605715681e+00
2.591666746168769464e+00 1.907087302921816274e+00
-5.674848089958198116e+00 -3.336334056804606707e+00
-3.227102440943143247e+00 2.062712923184740532e+00
-5.763473546947629700e+00 -4.750697016185114308e+00
3.598993024478271963e+00 -3.857464055347996634e+00
1.832953294222496865e+00 -3.141806627439281741e+00
-4.806703286887858084e+00 -3.081933708006550976e+00
2.667203182267909867e+00 4.268357617275428950e+00
3.962638374803898245e+00 -1.233797644578542574e+00
2.017021638847754872e+00 -3.540188455010148338e+00
-2.482227236867840858e+00 4.756029822253436734e+00
-5.843976917871167132e+00 -4.973897629746383053e+00
-3.505364938247672146e+00 -5.681613553514162973e+00
-3.822774778922432226e+00 9.964987316363060899e-01
-9.429053928900241743e-01 4.712060532923697309e+00
3.809322740861290413e+00 -1.898191779625488351e+00
-2.886918798824490207e+00 -1.443691101992797599e+00
1.083539310177693338e+00 -2.783236310125484891e+00
1.489786894189608191e+00 -1.087060173705115318e+00
6.245661702237628177e-01 -7.664816503761997524e-01
-2.466410885496987948e+00 5.381439683545879760e+00
3.163269529917130285e+00 -4.318641890802568994e+00
4.421615710774954522e+00 -1.508256210058362967e-01
4.734626722729096571e+00 3.598263071367782118e+00
-8.974379463691981584e-01 -5.730368300158591666e+00
-2.775871687380647046e+00 4.996105759304025895e-01
1.601738637913767249e+00 -2.905347774801572580e+00
-4.327727111126110415e+00 4.019162841591588986e+00
5.812826168442626340e+00 3.082821876322299204e-01
-3.939848569820358026e+00 -2.732312081767572565e+00
-5.779311881430398756e+00 4.971585678725988444e+00
-4.586987005318306387e+00 9.181977061710426824e-01
-2.711337351753527969e+00 6.501360301895209304e-01
1.817044660222370211e+00 3.956901644486420011e+00
-3.522944738872761494e+00 -5.868050056098233824e+00
-4.357372439174312717e+00 4.800223702177261131e+00
4.486680930750182483e+00 1.168957226043700004e+00
1.206202325203840076e+00 1.980440094555065755e+00
-3.895544656518604931e+00 4.972943351099516462e+00
-9.747537012951230651e-01 -1.402337661006030523e+00
2.270124633940504566e-01 -5.436408398699339450e+00
-4.004599574927047101e+00 2.856403397116444864e+00
-5.006415984898482385e+00 1.237825313596658816e+00
-3.055810683824148555e+00 -1.328452631496281455e+00
-2.535675158751601543e+00 -1.731927402420610385e+00
2.628550862210946804e+00 -2.434539412521899759e+00
7.968556835627662593e-01 -2.873951736108040222e-01
1.964053984351777693e+00 5.241956871897095027e+00
2.790865166523003538e+00 -3.420715456910918828e+00
-5.625802379264584374e+00 -2.852831468402099002e+00
1.140935168403057531e+00 -5.382890238188995369e+00
-4.360503358516432115e-02 1.162114187002670107e+00
-1.989073310196470601e+00 3.250946444949862624e+00
-4.720820962394737919e+00 -5.098346619170294858e+00
2.738265074443241076e+00 -5.410420552561845398e-02
2.260828757132832934e+00 -7.820719367550452716e-01
-3.043175601130718277e+00 3.829227812090396199e+00
3.592990547627751496e+00 2.336357650253120255e+00
-2.734258353240447637e+00 1.082768002429045140e+00
-1.668313236719678017e+00 -4.901015120080390197e+00
5.007762905546913501e+00 -4.358176428972463157e+00
5.402848245849629194e+00 -6.479307245045315966e-01
